0 15 5
0.4244022348763421 0.07291777624659246 0.3678107521602084 0.13640950188769696 0.05226111051957538 
0.04871664780023832 0.04249138326676205 0.6576369297555791 0.1331502310936783 0.34470998725388 
0.5536963774886403 0.7681157303772166 0.7749819335713602 0.5613597144109356 0.7066708041597163 
0.576306459906022 0.3013471404042698 0.42433320336726066 0.8677484879942473 0.8027628831114337 
0.8718946796850496 0.5329937316977678 0.6289881286594996 0.4726939344375817 0.09696290994257128 
0.7910168956448238 0.33871971121932876 0.26008800891399353 0.06678203216288758 0.6682117923430708 
0.7918555504373704 0.6036700079069182 0.31419873490312467 0.2990698287204415 0.8005768878794957 
0.024530807939661337 0.23475722901439056 0.43626096661118985 0.19901593998409361 0.04108965148948074 
0.3991037319254619 0.4462412135485557 0.0748102521306826 0.699120275723335 0.010064491417379973 
0.8593311658577453 0.6659146649063544 0.012891771094161952 0.48037957146816157 0.468070558922438 
0.41281338753081764 0.5480453455949809 0.7369582571535539 0.6053488090069378 0.1142830584459088 
0.9676488390971381 0.39365432994047755 0.027757574269612117 0.9991152129453084 0.609940912697827 
0.3769419899113412 0.779805752293559 0.7967142856937924 0.06959710523100904 0.9375068558875689 
0.5210833160406466 0.5662453308766012 0.3139204179561864 0.23564830764954747 0.06115545130894151 
0.12701331437152064 0.081179311896315 0.8495229482506507 0.2659137886339781 0.42201376149897374 
1 7 5
0.4244022348763421 0.07291777624659246 0.3678107521602084 0.13640950188769696 0.05226111051957538 
0.04871664780023832 0.04249138326676205 0.6576369297555791 0.1331502310936783 0.34470998725388 
0.5536963774886403 0.7681157303772166 0.7749819335713602 0.5613597144109356 0.7066708041597163 
0.576306459906022 0.3013471404042698 0.42433320336726066 0.8677484879942473 0.8027628831114337 
0.8718946796850496 0.5329937316977678 0.6289881286594996 0.4726939344375817 0.09696290994257128 
0.7910168956448238 0.33871971121932876 0.26008800891399353 0.06678203216288758 0.6682117923430708 
0.7918555504373704 0.6036700079069182 0.31419873490312467 0.2990698287204415 0.8005768878794957 
2 3 5
0.4244022348763421 0.07291777624659246 0.3678107521602084 0.13640950188769696 0.05226111051957538 
0.04871664780023832 0.04249138326676205 0.6576369297555791 0.1331502310936783 0.34470998725388 
0.5536963774886403 0.7681157303772166 0.7749819335713602 0.5613597144109356 0.7066708041597163 
3 3 5
0.8718946796850496 0.5329937316977678 0.6289881286594996 0.4726939344375817 0.09696290994257128 
0.7910168956448238 0.33871971121932876 0.26008800891399353 0.06678203216288758 0.6682117923430708 
0.7918555504373704 0.6036700079069182 0.31419873490312467 0.2990698287204415 0.8005768878794957 
4 7 5
0.3991037319254619 0.4462412135485557 0.0748102521306826 0.699120275723335 0.010064491417379973 
0.8593311658577453 0.6659146649063544 0.012891771094161952 0.48037957146816157 0.468070558922438 
0.41281338753081764 0.5480453455949809 0.7369582571535539 0.6053488090069378 0.1142830584459088 
0.9676488390971381 0.39365432994047755 0.027757574269612117 0.9991152129453084 0.609940912697827 
0.3769419899113412 0.779805752293559 0.7967142856937924 0.06959710523100904 0.9375068558875689 
0.5210833160406466 0.5662453308766012 0.3139204179561864 0.23564830764954747 0.06115545130894151 
0.12701331437152064 0.081179311896315 0.8495229482506507 0.2659137886339781 0.42201376149897374 
5 3 5
0.3991037319254619 0.4462412135485557 0.0748102521306826 0.699120275723335 0.010064491417379973 
0.8593311658577453 0.6659146649063544 0.012891771094161952 0.48037957146816157 0.468070558922438 
0.41281338753081764 0.5480453455949809 0.7369582571535539 0.6053488090069378 0.1142830584459088 
6 3 5
0.3769419899113412 0.779805752293559 0.7967142856937924 0.06959710523100904 0.9375068558875689 
0.5210833160406466 0.5662453308766012 0.3139204179561864 0.23564830764954747 0.06115545130894151 
0.12701331437152064 0.081179311896315 0.8495229482506507 0.2659137886339781 0.42201376149897374 
