0 100000 17 161270000000 1
1 50000 17 37910000000 1
2 25000 17 8800000000 1
3 12500 17 2060000000 1
4 6250 17 500000000 1
5 3125 17 130000000 1
6 1562 17 130000000 4
7 781 17 140000000 16
8 390 17 180000000 64
9 195 17 110000000 128
10 97 17 160000000 512
11 48 17 120000000 1024
12 24 17 190000000 4096
13 12 17 140000000 8192
14 6 17 120000000 16384
15 3 17 110000000 32768
16 1 17 170000000 131072
17 1 16 150000000 131072
18 1 17 170000000 131072
19 1 16 150000000 131072
20 2 17 130000000 65536
21 1 16 140000000 131072
22 5 17 180000000 32768
23 2 17 130000000 65536
24 1 16 160000000 131072
25 2 17 130000000 65536
26 1 16 150000000 131072
27 11 17 130000000 8192
28 5 17 190000000 32768
29 2 17 130000000 65536
30 1 16 150000000 131072
31 2 17 130000000 65536
32 1 16 150000000 131072
33 5 17 180000000 32768
34 2 17 130000000 65536
35 1 16 160000000 131072
36 2 17 130000000 65536
37 1 16 160000000 131072
38 23 17 180000000 4096
39 11 17 120000000 8192
40 5 17 190000000 32768
41 2 17 130000000 65536
42 1 16 160000000 131072
43 2 17 130000000 65536
44 1 16 150000000 131072
45 5 17 190000000 32768
46 2 17 140000000 65536
47 1 16 150000000 131072
48 2 17 140000000 65536
49 1 16 150000000 131072
50 11 17 120000000 8192
51 5 17 190000000 32768
52 2 17 130000000 65536
53 1 16 150000000 131072
54 2 17 130000000 65536
55 1 16 160000000 131072
56 5 17 190000000 32768
57 2 17 130000000 65536
58 1 16 160000000 131072
59 2 17 140000000 65536
60 1 16 150000000 131072
61 48 17 120000000 1024
62 24 17 190000000 4096
63 12 17 140000000 8192
64 6 17 110000000 16384
65 3 17 210000000 65536
66 1 17 160000000 131072
67 1 16 150000000 131072
68 1 17 160000000 131072
69 1 16 150000000 131072
70 2 17 130000000 65536
71 1 16 160000000 131072
72 5 17 190000000 32768
73 2 17 130000000 65536
74 1 16 150000000 131072
75 2 17 130000000 65536
76 1 16 150000000 131072
77 11 17 130000000 8192
78 5 17 190000000 32768
79 2 17 130000000 65536
80 1 16 150000000 131072
81 2 17 130000000 65536
82 1 16 150000000 131072
83 5 17 190000000 32768
84 2 17 130000000 65536
85 1 16 160000000 131072
86 2 17 130000000 65536
87 1 16 160000000 131072
88 23 17 180000000 4096
89 11 17 120000000 8192
90 5 17 190000000 32768
91 2 17 130000000 65536
92 1 16 150000000 131072
93 2 17 130000000 65536
94 1 16 160000000 131072
95 5 17 180000000 32768
96 2 17 130000000 65536
97 1 16 150000000 131072
98 2 17 130000000 65536
99 1 16 150000000 131072
100 11 17 120000000 8192
101 5 17 180000000 32768
102 2 17 140000000 65536
103 1 16 150000000 131072
104 2 17 130000000 65536
105 1 16 160000000 131072
106 5 17 180000000 32768
107 2 17 140000000 65536
108 1 16 150000000 131072
109 2 17 140000000 65536
110 1 16 160000000 131072
111 97 17 160000000 512
112 48 17 120000000 1024
113 24 17 190000000 4096
114 12 17 140000000 8192
115 6 17 110000000 16384
116 3 17 210000000 65536
117 1 17 170000000 131072
118 1 16 150000000 131072
119 1 17 160000000 131072
120 1 16 150000000 131072
121 2 17 130000000 65536
122 1 16 160000000 131072
123 5 17 190000000 32768
124 2 17 130000000 65536
125 1 16 150000000 131072
126 2 17 130000000 65536
127 1 16 150000000 131072
128 11 17 120000000 8192
129 5 17 180000000 32768
130 2 17 130000000 65536
131 1 16 150000000 131072
132 2 17 130000000 65536
133 1 16 150000000 131072
134 5 17 180000000 32768
135 2 17 130000000 65536
136 1 16 150000000 131072
137 2 17 130000000 65536
138 1 16 150000000 131072
139 23 17 170000000 4096
140 11 17 130000000 8192
141 5 17 180000000 32768
142 2 17 130000000 65536
143 1 16 160000000 131072
144 2 17 140000000 65536
145 1 16 150000000 131072
146 5 17 170000000 32768
147 2 17 130000000 65536
148 1 16 160000000 131072
149 2 17 130000000 65536
150 1 16 150000000 131072
151 11 17 130000000 8192
152 5 17 190000000 32768
153 2 17 140000000 65536
154 1 16 160000000 131072
155 2 17 140000000 65536
156 1 16 150000000 131072
157 5 17 180000000 32768
158 2 17 140000000 65536
159 1 16 150000000 131072
160 2 17 130000000 65536
161 1 16 170000000 131072
162 48 17 130000000 1024
163 24 17 190000000 4096
164 12 17 140000000 8192
165 6 17 120000000 16384
166 3 17 110000000 32768
167 1 17 160000000 131072
168 1 16 150000000 131072
169 1 17 160000000 131072
170 1 16 150000000 131072
171 2 17 130000000 65536
172 1 16 160000000 131072
173 5 17 190000000 32768
174 2 17 140000000 65536
175 1 16 150000000 131072
176 2 17 130000000 65536
177 1 16 160000000 131072
178 11 17 130000000 8192
179 5 17 180000000 32768
180 2 17 130000000 65536
181 1 16 160000000 131072
182 2 17 130000000 65536
183 1 16 150000000 131072
184 5 17 190000000 32768
185 2 17 130000000 65536
186 1 16 160000000 131072
187 2 17 130000000 65536
188 1 16 160000000 131072
189 23 17 190000000 4096
190 11 17 130000000 8192
191 5 17 180000000 32768
192 2 17 130000000 65536
193 1 16 160000000 131072
194 2 17 130000000 65536
195 1 16 150000000 131072
196 5 17 180000000 32768
197 2 17 130000000 65536
198 1 16 150000000 131072
199 2 17 120000000 65536
200 1 16 160000000 131072
201 11 17 120000000 8192
202 5 17 180000000 32768
203 2 17 130000000 65536
204 1 16 150000000 131072
205 2 17 130000000 65536
206 1 16 150000000 131072
207 5 17 180000000 32768
208 2 17 140000000 65536
209 1 16 150000000 131072
210 2 17 140000000 65536
211 1 16 140000000 131072
212 194 17 110000000 128
213 97 17 170000000 512
214 48 17 130000000 1024
215 24 17 190000000 4096
216 12 17 150000000 8192
217 6 17 110000000 16384
218 3 17 210000000 65536
219 1 17 160000000 131072
220 1 16 160000000 131072
221 1 17 160000000 131072
222 1 16 150000000 131072
223 2 17 120000000 65536
224 1 16 160000000 131072
225 5 17 180000000 32768
226 2 17 130000000 65536
227 1 16 160000000 131072
228 2 17 130000000 65536
229 1 16 160000000 131072
230 11 17 120000000 8192
231 5 17 180000000 32768
232 2 17 130000000 65536
233 1 16 150000000 131072
234 2 17 130000000 65536
235 1 16 150000000 131072
236 5 17 190000000 32768
237 2 17 140000000 65536
238 1 16 160000000 131072
239 2 17 130000000 65536
240 1 16 150000000 131072
241 23 17 190000000 4096
242 11 17 120000000 8192
243 5 17 180000000 32768
244 2 17 140000000 65536
245 1 16 160000000 131072
246 2 17 140000000 65536
247 1 16 150000000 131072
248 5 17 180000000 32768
249 2 17 140000000 65536
250 1 16 150000000 131072
251 2 17 130000000 65536
252 1 16 150000000 131072
253 11 17 120000000 8192
254 5 17 190000000 32768
255 2 17 140000000 65536
256 1 16 150000000 131072
257 2 17 130000000 65536
258 1 16 150000000 131072
259 5 17 190000000 32768
260 2 17 130000000 65536
261 1 16 150000000 131072
262 2 17 140000000 65536
263 1 16 150000000 131072
264 48 17 130000000 1024
265 24 17 190000000 4096
266 12 17 150000000 8192
267 6 17 110000000 16384
268 3 17 210000000 65536
269 1 17 150000000 131072
270 1 16 160000000 131072
271 1 17 160000000 131072
272 1 16 150000000 131072
273 2 17 130000000 65536
274 1 16 160000000 131072
275 5 17 190000000 32768
276 2 17 140000000 65536
277 1 16 150000000 131072
278 2 17 140000000 65536
279 1 16 160000000 131072
280 11 17 130000000 8192
281 5 17 190000000 32768
282 2 17 130000000 65536
283 1 16 140000000 131072
284 2 17 130000000 65536
285 1 16 150000000 131072
286 5 17 190000000 32768
287 2 17 140000000 65536
288 1 16 150000000 131072
289 2 17 130000000 65536
290 1 16 150000000 131072
291 23 17 190000000 4096
292 11 17 130000000 8192
293 5 17 190000000 32768
294 2 17 140000000 65536
295 1 16 150000000 131072
296 2 17 130000000 65536
297 1 16 160000000 131072
298 5 17 190000000 32768
299 2 17 130000000 65536
300 1 16 150000000 131072
301 2 17 140000000 65536
302 1 16 150000000 131072
303 11 17 130000000 8192
304 5 17 180000000 32768
305 2 17 130000000 65536
306 1 16 150000000 131072
307 2 17 130000000 65536
308 1 16 160000000 131072
309 5 17 190000000 32768
310 2 17 130000000 65536
311 1 16 160000000 131072
312 2 17 130000000 65536
313 1 16 150000000 131072
314 96 17 160000000 512
315 48 17 120000000 1024
316 24 17 190000000 4096
317 12 17 140000000 8192
318 6 17 110000000 16384
319 3 17 210000000 65536
320 1 17 160000000 131072
321 1 16 150000000 131072
322 1 17 170000000 131072
323 1 16 140000000 131072
324 2 17 130000000 65536
325 1 16 150000000 131072
326 5 17 190000000 32768
327 2 17 130000000 65536
328 1 16 150000000 131072
329 2 17 140000000 65536
330 1 16 160000000 131072
331 11 17 130000000 8192
332 5 17 180000000 32768
333 2 17 130000000 65536
334 1 16 150000000 131072
335 2 17 120000000 65536
336 1 16 150000000 131072
337 5 17 190000000 32768
338 2 17 130000000 65536
339 1 16 150000000 131072
340 2 17 140000000 65536
341 1 16 160000000 131072
342 23 17 180000000 4096
343 11 17 120000000 8192
344 5 17 190000000 32768
345 2 17 140000000 65536
346 1 16 160000000 131072
347 2 17 140000000 65536
348 1 16 160000000 131072
349 5 17 190000000 32768
350 2 17 140000000 65536
351 1 16 150000000 131072
352 2 17 130000000 65536
353 1 16 150000000 131072
354 11 17 120000000 8192
355 5 17 190000000 32768
356 2 17 130000000 65536
357 1 16 160000000 131072
358 2 17 130000000 65536
359 1 16 160000000 131072
360 5 17 180000000 32768
361 2 17 140000000 65536
362 1 16 150000000 131072
363 2 17 140000000 65536
364 1 16 150000000 131072
365 47 17 120000000 1024
366 23 17 180000000 4096
367 11 17 130000000 8192
368 5 17 190000000 32768
369 2 17 140000000 65536
370 1 16 160000000 131072
371 2 17 130000000 65536
372 1 16 160000000 131072
373 5 17 190000000 32768
374 2 17 130000000 65536
375 1 16 160000000 131072
376 2 17 130000000 65536
377 1 16 150000000 131072
378 11 17 120000000 8192
379 5 17 180000000 32768
380 2 17 140000000 65536
381 1 16 150000000 131072
382 2 17 130000000 65536
383 1 16 150000000 131072
384 5 17 180000000 32768
385 2 17 130000000 65536
386 1 16 160000000 131072
387 2 17 130000000 65536
388 1 16 150000000 131072
389 23 17 180000000 4096
390 11 17 130000000 8192
391 5 17 190000000 32768
392 2 17 140000000 65536
393 1 16 150000000 131072
394 2 17 130000000 65536
395 1 16 150000000 131072
396 5 17 180000000 32768
397 2 17 130000000 65536
398 1 16 150000000 131072
399 2 17 140000000 65536
400 1 16 160000000 131072
401 11 17 120000000 8192
402 5 17 180000000 32768
403 2 17 130000000 65536
404 1 16 150000000 131072
405 2 17 130000000 65536
406 1 16 150000000 131072
407 5 17 190000000 32768
408 2 17 130000000 65536
409 1 16 160000000 131072
410 2 17 130000000 65536
411 1 16 150000000 131072
412 390 17 180000000 64
413 195 17 110000000 128
414 97 17 160000000 512
415 48 17 130000000 1024
416 24 17 190000000 4096
417 12 17 150000000 8192
418 6 17 120000000 16384
419 3 17 110000000 32768
420 1 17 160000000 131072
421 1 16 150000000 131072
422 1 17 170000000 131072
423 1 16 160000000 131072
424 2 17 130000000 65536
425 1 16 150000000 131072
426 5 17 180000000 32768
427 2 17 130000000 65536
428 1 16 150000000 131072
429 2 17 130000000 65536
430 1 16 150000000 131072
431 11 17 130000000 8192
432 5 17 190000000 32768
433 2 17 130000000 65536
434 1 16 160000000 131072
435 2 17 130000000 65536
436 1 16 140000000 131072
437 5 17 180000000 32768
438 2 17 140000000 65536
439 1 16 150000000 131072
440 2 17 120000000 65536
441 1 16 150000000 131072
442 23 17 190000000 4096
443 11 17 120000000 8192
444 5 17 180000000 32768
445 2 17 130000000 65536
446 1 16 150000000 131072
447 2 17 130000000 65536
448 1 16 150000000 131072
449 5 17 180000000 32768
450 2 17 130000000 65536
451 1 16 150000000 131072
452 2 17 130000000 65536
453 1 16 160000000 131072
454 11 17 130000000 8192
455 5 17 180000000 32768
456 2 17 140000000 65536
457 1 16 150000000 131072
458 2 17 130000000 65536
459 1 16 160000000 131072
460 5 17 190000000 32768
461 2 17 140000000 65536
462 1 16 160000000 131072
463 2 17 140000000 65536
464 1 16 150000000 131072
465 48 17 120000000 1024
466 24 17 190000000 4096
467 12 17 140000000 8192
468 6 17 120000000 16384
469 3 17 110000000 32768
470 1 17 160000000 131072
471 1 16 150000000 131072
472 1 17 160000000 131072
473 1 16 150000000 131072
474 2 17 130000000 65536
475 1 16 160000000 131072
476 5 17 180000000 32768
477 2 17 130000000 65536
478 1 16 150000000 131072
479 2 17 130000000 65536
480 1 16 150000000 131072
481 11 17 130000000 8192
482 5 17 180000000 32768
483 2 17 130000000 65536
484 1 16 150000000 131072
485 2 17 140000000 65536
486 1 16 150000000 131072
487 5 17 180000000 32768
488 2 17 140000000 65536
489 1 16 160000000 131072
490 2 17 130000000 65536
491 1 16 150000000 131072
492 23 17 180000000 4096
493 11 17 120000000 8192
494 5 17 180000000 32768
495 2 17 130000000 65536
496 1 16 160000000 131072
497 2 17 130000000 65536
498 1 16 150000000 131072
499 5 17 180000000 32768
500 2 17 130000000 65536
501 1 16 150000000 131072
502 2 17 140000000 65536
503 1 16 160000000 131072
504 11 17 130000000 8192
505 5 17 180000000 32768
506 2 17 130000000 65536
507 1 16 150000000 131072
508 2 17 130000000 65536
509 1 16 160000000 131072
510 5 17 190000000 32768
511 2 17 130000000 65536
512 1 16 150000000 131072
513 2 17 140000000 65536
514 1 16 150000000 131072
515 97 17 160000000 512
516 48 17 130000000 1024
517 24 17 190000000 4096
518 12 17 150000000 8192
519 6 17 110000000 16384
520 3 17 210000000 65536
521 1 17 160000000 131072
522 1 16 150000000 131072
523 1 17 150000000 131072
524 1 16 150000000 131072
525 2 17 130000000 65536
526 1 16 150000000 131072
527 5 17 180000000 32768
528 2 17 130000000 65536
529 1 16 160000000 131072
530 2 17 140000000 65536
531 1 16 150000000 131072
532 11 17 130000000 8192
533 5 17 180000000 32768
534 2 17 130000000 65536
535 1 16 160000000 131072
536 2 17 140000000 65536
537 1 16 150000000 131072
538 5 17 180000000 32768
539 2 17 130000000 65536
540 1 16 160000000 131072
541 2 17 130000000 65536
542 1 16 150000000 131072
543 23 17 190000000 4096
544 11 17 130000000 8192
545 5 17 190000000 32768
546 2 17 130000000 65536
547 1 16 150000000 131072
548 2 17 130000000 65536
549 1 16 150000000 131072
550 5 17 190000000 32768
551 2 17 140000000 65536
552 1 16 150000000 131072
553 2 17 130000000 65536
554 1 16 150000000 131072
555 11 17 120000000 8192
556 5 17 180000000 32768
557 2 17 140000000 65536
558 1 16 150000000 131072
559 2 17 140000000 65536
560 1 16 150000000 131072
561 5 17 190000000 32768
562 2 17 130000000 65536
563 1 16 160000000 131072
564 2 17 130000000 65536
565 1 16 160000000 131072
566 48 17 120000000 1024
567 24 17 190000000 4096
568 12 17 140000000 8192
569 6 17 110000000 16384
570 3 17 210000000 65536
571 1 17 160000000 131072
572 1 16 160000000 131072
573 1 17 160000000 131072
574 1 16 150000000 131072
575 2 17 140000000 65536
576 1 16 150000000 131072
577 5 17 180000000 32768
578 2 17 130000000 65536
579 1 16 160000000 131072
580 2 17 130000000 65536
581 1 16 150000000 131072
582 11 17 130000000 8192
583 5 17 180000000 32768
584 2 17 130000000 65536
585 1 16 160000000 131072
586 2 17 130000000 65536
587 1 16 150000000 131072
588 5 17 180000000 32768
589 2 17 130000000 65536
590 1 16 150000000 131072
591 2 17 130000000 65536
592 1 16 160000000 131072
593 23 17 190000000 4096
594 11 17 130000000 8192
595 5 17 180000000 32768
596 2 17 130000000 65536
597 1 16 150000000 131072
598 2 17 130000000 65536
599 1 16 150000000 131072
600 5 17 180000000 32768
601 2 17 130000000 65536
602 1 16 150000000 131072
603 2 17 140000000 65536
604 1 16 150000000 131072
605 11 17 120000000 8192
606 5 17 180000000 32768
607 2 17 140000000 65536
608 1 16 150000000 131072
609 2 17 130000000 65536
610 1 16 160000000 131072
611 5 17 190000000 32768
612 2 17 130000000 65536
613 1 16 150000000 131072
614 2 17 130000000 65536
615 1 16 150000000 131072
616 194 17 220000000 256
617 97 17 160000000 512
618 48 17 120000000 1024
619 24 17 190000000 4096
620 12 17 140000000 8192
621 6 17 120000000 16384
622 3 17 110000000 32768
623 1 17 160000000 131072
624 1 16 150000000 131072
625 1 17 160000000 131072
626 1 16 150000000 131072
627 2 17 140000000 65536
628 1 16 150000000 131072
629 5 17 180000000 32768
630 2 17 130000000 65536
631 1 16 150000000 131072
632 2 17 130000000 65536
633 1 16 150000000 131072
634 11 17 130000000 8192
635 5 17 190000000 32768
636 2 17 130000000 65536
637 1 16 150000000 131072
638 2 17 130000000 65536
639 1 16 150000000 131072
640 5 17 180000000 32768
641 2 17 140000000 65536
642 1 16 150000000 131072
643 2 17 140000000 65536
644 1 16 150000000 131072
645 23 17 180000000 4096
646 11 17 130000000 8192
647 5 17 190000000 32768
648 2 17 130000000 65536
649 1 16 160000000 131072
650 2 17 130000000 65536
651 1 16 150000000 131072
652 5 17 180000000 32768
653 2 17 130000000 65536
654 1 16 160000000 131072
655 2 17 130000000 65536
656 1 16 150000000 131072
657 11 17 120000000 8192
658 5 17 180000000 32768
659 2 17 130000000 65536
660 1 16 150000000 131072
661 2 17 130000000 65536
662 1 16 160000000 131072
663 5 17 180000000 32768
664 2 17 130000000 65536
665 1 16 150000000 131072
666 2 17 130000000 65536
667 1 16 160000000 131072
668 48 17 130000000 1024
669 24 17 190000000 4096
670 12 17 150000000 8192
671 6 17 120000000 16384
672 3 17 110000000 32768
673 1 17 160000000 131072
674 1 16 150000000 131072
675 1 17 170000000 131072
676 1 16 150000000 131072
677 2 17 130000000 65536
678 1 16 150000000 131072
679 5 17 180000000 32768
680 2 17 130000000 65536
681 1 16 150000000 131072
682 2 17 130000000 65536
683 1 16 150000000 131072
684 11 17 130000000 8192
685 5 17 180000000 32768
686 2 17 130000000 65536
687 1 16 160000000 131072
688 2 17 130000000 65536
689 1 16 150000000 131072
690 5 17 190000000 32768
691 2 17 130000000 65536
692 1 16 150000000 131072
693 2 17 130000000 65536
694 1 16 150000000 131072
695 23 17 190000000 4096
696 11 17 130000000 8192
697 5 17 190000000 32768
698 2 17 130000000 65536
699 1 16 150000000 131072
700 2 17 130000000 65536
701 1 16 150000000 131072
702 5 17 180000000 32768
703 2 17 140000000 65536
704 1 16 160000000 131072
705 2 17 130000000 65536
706 1 16 160000000 131072
707 11 17 120000000 8192
708 5 17 180000000 32768
709 2 17 130000000 65536
710 1 16 150000000 131072
711 2 17 130000000 65536
712 1 16 160000000 131072
713 5 17 190000000 32768
714 2 17 130000000 65536
715 1 16 150000000 131072
716 2 17 130000000 65536
717 1 16 150000000 131072
718 96 17 160000000 512
719 48 17 120000000 1024
720 24 17 190000000 4096
721 12 17 150000000 8192
722 6 17 120000000 16384
723 3 17 110000000 32768
724 1 17 160000000 131072
725 1 16 150000000 131072
726 1 17 170000000 131072
727 1 16 150000000 131072
728 2 17 130000000 65536
729 1 16 150000000 131072
730 5 17 190000000 32768
731 2 17 130000000 65536
732 1 16 150000000 131072
733 2 17 130000000 65536
734 1 16 150000000 131072
735 11 17 130000000 8192
736 5 17 190000000 32768
737 2 17 140000000 65536
738 1 16 150000000 131072
739 2 17 130000000 65536
740 1 16 150000000 131072
741 5 17 180000000 32768
742 2 17 130000000 65536
743 1 16 140000000 131072
744 2 17 130000000 65536
745 1 16 150000000 131072
746 23 17 180000000 4096
747 11 17 130000000 8192
748 5 17 190000000 32768
749 2 17 130000000 65536
750 1 16 150000000 131072
751 2 17 130000000 65536
752 1 16 150000000 131072
753 5 17 180000000 32768
754 2 17 130000000 65536
755 1 16 150000000 131072
756 2 17 130000000 65536
757 1 16 150000000 131072
758 11 17 120000000 8192
759 5 17 180000000 32768
760 2 17 130000000 65536
761 1 16 160000000 131072
762 2 17 130000000 65536
763 1 16 150000000 131072
764 5 17 180000000 32768
765 2 17 140000000 65536
766 1 16 150000000 131072
767 2 17 130000000 65536
768 1 16 140000000 131072
769 47 17 120000000 1024
770 23 17 190000000 4096
771 11 17 130000000 8192
772 5 17 190000000 32768
773 2 17 130000000 65536
774 1 16 160000000 131072
775 2 17 130000000 65536
776 1 16 160000000 131072
777 5 17 190000000 32768
778 2 17 140000000 65536
779 1 16 160000000 131072
780 2 17 130000000 65536
781 1 16 150000000 131072
782 11 17 120000000 8192
783 5 17 180000000 32768
784 2 17 130000000 65536
785 1 16 160000000 131072
786 2 17 130000000 65536
787 1 16 150000000 131072
788 5 17 190000000 32768
789 2 17 140000000 65536
790 1 16 150000000 131072
791 2 17 130000000 65536
792 1 16 150000000 131072
793 23 17 180000000 4096
794 11 17 120000000 8192
795 5 17 180000000 32768
796 2 17 130000000 65536
797 1 16 150000000 131072
798 2 17 130000000 65536
799 1 16 150000000 131072
800 5 17 190000000 32768
801 2 17 140000000 65536
802 1 16 150000000 131072
803 2 17 130000000 65536
804 1 16 160000000 131072
805 11 17 120000000 8192
806 5 17 180000000 32768
807 2 17 120000000 65536
808 1 16 150000000 131072
809 2 17 130000000 65536
810 1 16 160000000 131072
811 5 17 190000000 32768
812 2 17 140000000 65536
813 1 16 150000000 131072
814 2 17 120000000 65536
815 1 16 150000000 131072
816 780 17 150000000 16
817 390 17 180000000 64
818 195 17 110000000 128
819 97 17 160000000 512
820 48 17 120000000 1024
821 24 17 200000000 4096
822 12 17 150000000 8192
823 6 17 120000000 16384
824 3 17 110000000 32768
825 1 17 170000000 131072
826 1 16 150000000 131072
827 1 17 160000000 131072
828 1 16 150000000 131072
829 2 17 140000000 65536
830 1 16 150000000 131072
831 5 17 180000000 32768
832 2 17 130000000 65536
833 1 16 160000000 131072
834 2 17 130000000 65536
835 1 16 150000000 131072
836 11 17 130000000 8192
837 5 17 180000000 32768
838 2 17 130000000 65536
839 1 16 160000000 131072
840 2 17 130000000 65536
841 1 16 160000000 131072
842 5 17 190000000 32768
843 2 17 130000000 65536
844 1 16 150000000 131072
845 2 17 130000000 65536
846 1 16 160000000 131072
847 23 17 180000000 4096
848 11 17 130000000 8192
849 5 17 190000000 32768
850 2 17 140000000 65536
851 1 16 150000000 131072
852 2 17 140000000 65536
853 1 16 150000000 131072
854 5 17 190000000 32768
855 2 17 130000000 65536
856 1 16 160000000 131072
857 2 17 140000000 65536
858 1 16 150000000 131072
859 11 17 120000000 8192
860 5 17 180000000 32768
861 2 17 130000000 65536
862 1 16 140000000 131072
863 2 17 130000000 65536
864 1 16 150000000 131072
865 5 17 180000000 32768
866 2 17 130000000 65536
867 1 16 160000000 131072
868 2 17 140000000 65536
869 1 16 160000000 131072
870 48 17 130000000 1024
871 24 17 190000000 4096
872 12 17 150000000 8192
873 6 17 120000000 16384
874 3 17 210000000 65536
875 1 17 160000000 131072
876 1 16 150000000 131072
877 1 17 170000000 131072
878 1 16 150000000 131072
879 2 17 140000000 65536
880 1 16 150000000 131072
881 5 17 180000000 32768
882 2 17 140000000 65536
883 1 16 150000000 131072
884 2 17 130000000 65536
885 1 16 160000000 131072
886 11 17 130000000 8192
887 5 17 190000000 32768
888 2 17 130000000 65536
889 1 16 160000000 131072
890 2 17 130000000 65536
891 1 16 150000000 131072
892 5 17 190000000 32768
893 2 17 130000000 65536
894 1 16 150000000 131072
895 2 17 130000000 65536
896 1 16 150000000 131072
897 23 17 180000000 4096
898 11 17 120000000 8192
899 5 17 180000000 32768
900 2 17 130000000 65536
901 1 16 140000000 131072
902 2 17 120000000 65536
903 1 16 160000000 131072
904 5 17 180000000 32768
905 2 17 140000000 65536
906 1 16 150000000 131072
907 2 17 140000000 65536
908 1 16 150000000 131072
909 11 17 120000000 8192
910 5 17 180000000 32768
911 2 17 140000000 65536
912 1 16 150000000 131072
913 2 17 130000000 65536
914 1 16 150000000 131072
915 5 17 180000000 32768
916 2 17 140000000 65536
917 1 16 160000000 131072
918 2 17 130000000 65536
919 1 16 160000000 131072
920 97 17 160000000 512
921 48 17 120000000 1024
922 24 17 190000000 4096
923 12 17 140000000 8192
924 6 17 110000000 16384
925 3 17 210000000 65536
926 1 17 160000000 131072
927 1 16 150000000 131072
928 1 17 170000000 131072
929 1 16 160000000 131072
930 2 17 130000000 65536
931 1 16 150000000 131072
932 5 17 190000000 32768
933 2 17 130000000 65536
934 1 16 150000000 131072
935 2 17 130000000 65536
936 1 16 150000000 131072
937 11 17 130000000 8192
938 5 17 190000000 32768
939 2 17 130000000 65536
940 1 16 160000000 131072
941 2 17 140000000 65536
942 1 16 150000000 131072
943 5 17 190000000 32768
944 2 17 140000000 65536
945 1 16 160000000 131072
946 2 17 130000000 65536
947 1 16 160000000 131072
948 23 17 180000000 4096
949 11 17 130000000 8192
950 5 17 180000000 32768
951 2 17 130000000 65536
952 1 16 160000000 131072
953 2 17 130000000 65536
954 1 16 160000000 131072
955 5 17 180000000 32768
956 2 17 130000000 65536
957 1 16 150000000 131072
958 2 17 130000000 65536
959 1 16 160000000 131072
960 11 17 130000000 8192
961 5 17 190000000 32768
962 2 17 140000000 65536
963 1 16 150000000 131072
964 2 17 130000000 65536
965 1 16 150000000 131072
966 5 17 180000000 32768
967 2 17 140000000 65536
968 1 16 160000000 131072
969 2 17 130000000 65536
970 1 16 160000000 131072
971 48 17 130000000 1024
972 24 17 190000000 4096
973 12 17 150000000 8192
974 6 17 120000000 16384
975 3 17 210000000 65536
976 1 17 160000000 131072
977 1 16 160000000 131072
978 1 17 160000000 131072
979 1 16 150000000 131072
980 2 17 140000000 65536
981 1 16 150000000 131072
982 5 17 170000000 32768
983 2 17 130000000 65536
984 1 16 160000000 131072
985 2 17 140000000 65536
986 1 16 150000000 131072
987 11 17 120000000 8192
988 5 17 190000000 32768
989 2 17 130000000 65536
990 1 16 150000000 131072
991 2 17 130000000 65536
992 1 16 150000000 131072
993 5 17 190000000 32768
994 2 17 140000000 65536
995 1 16 150000000 131072
996 2 17 130000000 65536
997 1 16 150000000 131072
998 23 17 180000000 4096
999 11 17 130000000 8192
1000 5 17 180000000 32768
1001 2 17 130000000 65536
1002 1 16 160000000 131072
1003 2 17 130000000 65536
1004 1 16 160000000 131072
1005 5 17 190000000 32768
1006 2 17 130000000 65536
1007 1 16 150000000 131072
1008 2 17 140000000 65536
1009 1 16 150000000 131072
1010 11 17 130000000 8192
1011 5 17 190000000 32768
1012 2 17 130000000 65536
1013 1 16 150000000 131072
1014 2 17 130000000 65536
1015 1 16 150000000 131072
1016 5 17 180000000 32768
1017 2 17 130000000 65536
1018 1 16 150000000 131072
1019 2 17 130000000 65536
1020 1 16 150000000 131072
1021 194 17 220000000 256
1022 97 17 160000000 512
1023 48 17 120000000 1024
1024 24 17 190000000 4096
1025 12 17 140000000 8192
1026 6 17 110000000 16384
1027 3 17 210000000 65536
1028 1 17 170000000 131072
1029 1 16 150000000 131072
1030 1 17 170000000 131072
1031 1 16 150000000 131072
1032 2 17 130000000 65536
1033 1 16 160000000 131072
1034 5 17 190000000 32768
1035 2 17 140000000 65536
1036 1 16 150000000 131072
1037 2 17 130000000 65536
1038 1 16 150000000 131072
1039 11 17 120000000 8192
1040 5 17 180000000 32768
1041 2 17 140000000 65536
1042 1 16 150000000 131072
1043 2 17 140000000 65536
1044 1 16 150000000 131072
1045 5 17 190000000 32768
1046 2 17 130000000 65536
1047 1 16 160000000 131072
1048 2 17 140000000 65536
1049 1 16 160000000 131072
1050 23 17 190000000 4096
1051 11 17 130000000 8192
1052 5 17 190000000 32768
1053 2 17 130000000 65536
1054 1 16 150000000 131072
1055 2 17 130000000 65536
1056 1 16 150000000 131072
1057 5 17 180000000 32768
1058 2 17 130000000 65536
1059 1 16 150000000 131072
1060 2 17 130000000 65536
1061 1 16 150000000 131072
1062 11 17 130000000 8192
1063 5 17 190000000 32768
1064 2 17 140000000 65536
1065 1 16 150000000 131072
1066 2 17 130000000 65536
1067 1 16 160000000 131072
1068 5 17 190000000 32768
1069 2 17 130000000 65536
1070 1 16 160000000 131072
1071 2 17 130000000 65536
1072 1 16 160000000 131072
1073 48 17 130000000 1024
1074 24 17 190000000 4096
1075 12 17 140000000 8192
1076 6 17 110000000 16384
1077 3 17 200000000 65536
1078 1 17 160000000 131072
1079 1 16 150000000 131072
1080 1 17 160000000 131072
1081 1 16 150000000 131072
1082 2 17 130000000 65536
1083 1 16 150000000 131072
1084 5 17 180000000 32768
1085 2 17 130000000 65536
1086 1 16 150000000 131072
1087 2 17 130000000 65536
1088 1 16 150000000 131072
1089 11 17 120000000 8192
1090 5 17 190000000 32768
1091 2 17 130000000 65536
1092 1 16 160000000 131072
1093 2 17 130000000 65536
1094 1 16 150000000 131072
1095 5 17 190000000 32768
1096 2 17 140000000 65536
1097 1 16 150000000 131072
1098 2 17 140000000 65536
1099 1 16 150000000 131072
1100 23 17 180000000 4096
1101 11 17 130000000 8192
1102 5 17 180000000 32768
1103 2 17 130000000 65536
1104 1 16 150000000 131072
1105 2 17 130000000 65536
1106 1 16 160000000 131072
1107 5 17 190000000 32768
1108 2 17 130000000 65536
1109 1 16 150000000 131072
1110 2 17 130000000 65536
1111 1 16 150000000 131072
1112 11 17 130000000 8192
1113 5 17 180000000 32768
1114 2 17 130000000 65536
1115 1 16 160000000 131072
1116 2 17 130000000 65536
1117 1 16 150000000 131072
1118 5 17 180000000 32768
1119 2 17 130000000 65536
1120 1 16 150000000 131072
1121 2 17 130000000 65536
1122 1 16 150000000 131072
1123 96 17 160000000 512
1124 48 17 130000000 1024
1125 24 17 180000000 4096
1126 12 17 140000000 8192
1127 6 17 110000000 16384
1128 3 17 210000000 65536
1129 1 17 170000000 131072
1130 1 16 160000000 131072
1131 1 17 160000000 131072
1132 1 16 160000000 131072
1133 2 17 130000000 65536
1134 1 16 150000000 131072
1135 5 17 180000000 32768
1136 2 17 130000000 65536
1137 1 16 160000000 131072
1138 2 17 130000000 65536
1139 1 16 150000000 131072
1140 11 17 130000000 8192
1141 5 17 190000000 32768
1142 2 17 130000000 65536
1143 1 16 150000000 131072
1144 2 17 130000000 65536
1145 1 16 150000000 131072
1146 5 17 190000000 32768
1147 2 17 130000000 65536
1148 1 16 150000000 131072
1149 2 17 130000000 65536
1150 1 16 150000000 131072
1151 23 17 190000000 4096
1152 11 17 130000000 8192
1153 5 17 180000000 32768
1154 2 17 130000000 65536
1155 1 16 150000000 131072
1156 2 17 140000000 65536
1157 1 16 150000000 131072
1158 5 17 180000000 32768
1159 2 17 130000000 65536
1160 1 16 150000000 131072
1161 2 17 140000000 65536
1162 1 16 160000000 131072
1163 11 17 120000000 8192
1164 5 17 180000000 32768
1165 2 17 140000000 65536
1166 1 16 150000000 131072
1167 2 17 130000000 65536
1168 1 16 150000000 131072
1169 5 17 190000000 32768
1170 2 17 130000000 65536
1171 1 16 150000000 131072
1172 2 17 140000000 65536
1173 1 16 150000000 131072
1174 47 17 120000000 1024
1175 23 17 180000000 4096
1176 11 17 120000000 8192
1177 5 17 190000000 32768
1178 2 17 130000000 65536
1179 1 16 150000000 131072
1180 2 17 130000000 65536
1181 1 16 160000000 131072
1182 5 17 190000000 32768
1183 2 17 140000000 65536
1184 1 16 160000000 131072
1185 2 17 130000000 65536
1186 1 16 160000000 131072
1187 11 17 120000000 8192
1188 5 17 180000000 32768
1189 2 17 130000000 65536
1190 1 16 150000000 131072
1191 2 17 130000000 65536
1192 1 16 150000000 131072
1193 5 17 180000000 32768
1194 2 17 130000000 65536
1195 1 16 150000000 131072
1196 2 17 140000000 65536
1197 1 16 150000000 131072
1198 23 17 180000000 4096
1199 11 17 120000000 8192
1200 5 17 190000000 32768
1201 2 17 130000000 65536
1202 1 16 150000000 131072
1203 2 17 130000000 65536
1204 1 16 150000000 131072
1205 5 17 180000000 32768
1206 2 17 130000000 65536
1207 1 16 150000000 131072
1208 2 17 130000000 65536
1209 1 16 160000000 131072
1210 11 17 130000000 8192
1211 5 17 190000000 32768
1212 2 17 130000000 65536
1213 1 16 150000000 131072
1214 2 17 130000000 65536
1215 1 16 150000000 131072
1216 5 17 180000000 32768
1217 2 17 140000000 65536
1218 1 16 150000000 131072
1219 2 17 130000000 65536
1220 1 16 150000000 131072
1221 389 17 180000000 64
1222 194 17 110000000 128
1223 97 17 160000000 512
1224 48 17 120000000 1024
1225 24 17 190000000 4096
1226 12 17 140000000 8192
1227 6 17 110000000 16384
1228 3 17 220000000 65536
1229 1 17 160000000 131072
1230 1 16 150000000 131072
1231 1 17 160000000 131072
1232 1 16 150000000 131072
1233 2 17 130000000 65536
1234 1 16 150000000 131072
1235 5 17 190000000 32768
1236 2 17 140000000 65536
1237 1 16 140000000 131072
1238 2 17 130000000 65536
1239 1 16 150000000 131072
1240 11 17 130000000 8192
1241 5 17 190000000 32768
1242 2 17 130000000 65536
1243 1 16 160000000 131072
1244 2 17 130000000 65536
1245 1 16 160000000 131072
1246 5 17 190000000 32768
1247 2 17 140000000 65536
1248 1 16 150000000 131072
1249 2 17 130000000 65536
1250 1 16 160000000 131072
1251 23 17 180000000 4096
1252 11 17 130000000 8192
1253 5 17 190000000 32768
1254 2 17 130000000 65536
1255 1 16 150000000 131072
1256 2 17 140000000 65536
1257 1 16 150000000 131072
1258 5 17 180000000 32768
1259 2 17 140000000 65536
1260 1 16 150000000 131072
1261 2 17 130000000 65536
1262 1 16 150000000 131072
1263 11 17 130000000 8192
1264 5 17 190000000 32768
1265 2 17 130000000 65536
1266 1 16 150000000 131072
1267 2 17 130000000 65536
1268 1 16 160000000 131072
1269 5 17 190000000 32768
1270 2 17 130000000 65536
1271 1 16 160000000 131072
1272 2 17 130000000 65536
1273 1 16 160000000 131072
1274 48 17 130000000 1024
1275 24 17 190000000 4096
1276 12 17 150000000 8192
1277 6 17 120000000 16384
1278 3 17 110000000 32768
1279 1 17 160000000 131072
1280 1 16 160000000 131072
1281 1 17 170000000 131072
1282 1 16 150000000 131072
1283 2 17 130000000 65536
1284 1 16 150000000 131072
1285 5 17 180000000 32768
1286 2 17 130000000 65536
1287 1 16 160000000 131072
1288 2 17 130000000 65536
1289 1 16 150000000 131072
1290 11 17 120000000 8192
1291 5 17 180000000 32768
1292 2 17 140000000 65536
1293 1 16 150000000 131072
1294 2 17 130000000 65536
1295 1 16 160000000 131072
1296 5 17 190000000 32768
1297 2 17 140000000 65536
1298 1 16 150000000 131072
1299 2 17 130000000 65536
1300 1 16 150000000 131072
1301 23 17 180000000 4096
1302 11 17 120000000 8192
1303 5 17 190000000 32768
1304 2 17 130000000 65536
1305 1 16 150000000 131072
1306 2 17 130000000 65536
1307 1 16 150000000 131072
1308 5 17 190000000 32768
1309 2 17 130000000 65536
1310 1 16 150000000 131072
1311 2 17 130000000 65536
1312 1 16 160000000 131072
1313 11 17 120000000 8192
1314 5 17 190000000 32768
1315 2 17 130000000 65536
1316 1 16 150000000 131072
1317 2 17 130000000 65536
1318 1 16 150000000 131072
1319 5 17 180000000 32768
1320 2 17 150000000 65536
1321 1 16 150000000 131072
1322 2 17 150000000 65536
1323 1 16 150000000 131072
1324 96 17 160000000 512
1325 48 17 130000000 1024
1326 24 17 190000000 4096
1327 12 17 150000000 8192
1328 6 17 120000000 16384
1329 3 17 220000000 65536
1330 1 17 160000000 131072
1331 1 16 150000000 131072
1332 1 17 160000000 131072
1333 1 16 150000000 131072
1334 2 17 130000000 65536
1335 1 16 150000000 131072
1336 5 17 180000000 32768
1337 2 17 130000000 65536
1338 1 16 150000000 131072
1339 2 17 140000000 65536
1340 1 16 150000000 131072
1341 11 17 120000000 8192
1342 5 17 180000000 32768
1343 2 17 140000000 65536
1344 1 16 150000000 131072
1345 2 17 130000000 65536
1346 1 16 160000000 131072
1347 5 17 180000000 32768
1348 2 17 140000000 65536
1349 1 16 150000000 131072
1350 2 17 130000000 65536
1351 1 16 160000000 131072
1352 23 17 190000000 4096
1353 11 17 130000000 8192
1354 5 17 180000000 32768
1355 2 17 130000000 65536
1356 1 16 160000000 131072
1357 2 17 130000000 65536
1358 1 16 150000000 131072
1359 5 17 180000000 32768
1360 2 17 130000000 65536
1361 1 16 160000000 131072
1362 2 17 140000000 65536
1363 1 16 160000000 131072
1364 11 17 130000000 8192
1365 5 17 190000000 32768
1366 2 17 140000000 65536
1367 1 16 150000000 131072
1368 2 17 140000000 65536
1369 1 16 150000000 131072
1370 5 17 190000000 32768
1371 2 17 130000000 65536
1372 1 16 170000000 131072
1373 2 17 140000000 65536
1374 1 16 150000000 131072
1375 47 17 120000000 1024
1376 23 17 190000000 4096
1377 11 17 130000000 8192
1378 5 17 190000000 32768
1379 2 17 130000000 65536
1380 1 16 160000000 131072
1381 2 17 130000000 65536
1382 1 16 160000000 131072
1383 5 17 180000000 32768
1384 2 17 130000000 65536
1385 1 16 160000000 131072
1386 2 17 130000000 65536
1387 1 16 160000000 131072
1388 11 17 130000000 8192
1389 5 17 190000000 32768
1390 2 17 140000000 65536
1391 1 16 150000000 131072
1392 2 17 130000000 65536
1393 1 16 150000000 131072
1394 5 17 180000000 32768
1395 2 17 130000000 65536
1396 1 16 150000000 131072
1397 2 17 130000000 65536
1398 1 16 150000000 131072
1399 23 17 180000000 4096
1400 11 17 130000000 8192
1401 5 17 180000000 32768
1402 2 17 130000000 65536
1403 1 16 150000000 131072
1404 2 17 130000000 65536
1405 1 16 160000000 131072
1406 5 17 190000000 32768
1407 2 17 130000000 65536
1408 1 16 150000000 131072
1409 2 17 130000000 65536
1410 1 16 150000000 131072
1411 11 17 130000000 8192
1412 5 17 190000000 32768
1413 2 17 130000000 65536
1414 1 16 150000000 131072
1415 2 17 130000000 65536
1416 1 16 150000000 131072
1417 5 17 190000000 32768
1418 2 17 130000000 65536
1419 1 16 150000000 131072
1420 2 17 140000000 65536
1421 1 16 150000000 131072
1422 194 17 110000000 128
1423 97 17 170000000 512
1424 48 17 130000000 1024
1425 24 17 190000000 4096
1426 12 17 150000000 8192
1427 6 17 120000000 16384
1428 3 17 110000000 32768
1429 1 17 160000000 131072
1430 1 16 140000000 131072
1431 1 17 160000000 131072
1432 1 16 160000000 131072
1433 2 17 130000000 65536
1434 1 16 150000000 131072
1435 5 17 190000000 32768
1436 2 17 130000000 65536
1437 1 16 150000000 131072
1438 2 17 130000000 65536
1439 1 16 160000000 131072
1440 11 17 130000000 8192
1441 5 17 180000000 32768
1442 2 17 130000000 65536
1443 1 16 150000000 131072
1444 2 17 130000000 65536
1445 1 16 160000000 131072
1446 5 17 180000000 32768
1447 2 17 140000000 65536
1448 1 16 160000000 131072
1449 2 17 130000000 65536
1450 1 16 150000000 131072
1451 23 17 190000000 4096
1452 11 17 130000000 8192
1453 5 17 190000000 32768
1454 2 17 130000000 65536
1455 1 16 160000000 131072
1456 2 17 130000000 65536
1457 1 16 160000000 131072
1458 5 17 180000000 32768
1459 2 17 130000000 65536
1460 1 16 150000000 131072
1461 2 17 140000000 65536
1462 1 16 150000000 131072
1463 11 17 130000000 8192
1464 5 17 180000000 32768
1465 2 17 130000000 65536
1466 1 16 160000000 131072
1467 2 17 130000000 65536
1468 1 16 150000000 131072
1469 5 17 180000000 32768
1470 2 17 140000000 65536
1471 1 16 140000000 131072
1472 2 17 130000000 65536
1473 1 16 150000000 131072
1474 48 17 120000000 1024
1475 24 17 190000000 4096
1476 12 17 140000000 8192
1477 6 17 110000000 16384
1478 3 17 210000000 65536
1479 1 17 170000000 131072
1480 1 16 150000000 131072
1481 1 17 170000000 131072
1482 1 16 160000000 131072
1483 2 17 130000000 65536
1484 1 16 160000000 131072
1485 5 17 190000000 32768
1486 2 17 140000000 65536
1487 1 16 150000000 131072
1488 2 17 130000000 65536
1489 1 16 150000000 131072
1490 11 17 120000000 8192
1491 5 17 180000000 32768
1492 2 17 130000000 65536
1493 1 16 150000000 131072
1494 2 17 130000000 65536
1495 1 16 150000000 131072
1496 5 17 180000000 32768
1497 2 17 130000000 65536
1498 1 16 150000000 131072
1499 2 17 130000000 65536
1500 1 16 160000000 131072
1501 23 17 180000000 4096
1502 11 17 130000000 8192
1503 5 17 190000000 32768
1504 2 17 140000000 65536
1505 1 16 150000000 131072
1506 2 17 130000000 65536
1507 1 16 160000000 131072
1508 5 17 180000000 32768
1509 2 17 130000000 65536
1510 1 16 160000000 131072
1511 2 17 130000000 65536
1512 1 16 150000000 131072
1513 11 17 120000000 8192
1514 5 17 180000000 32768
1515 2 17 130000000 65536
1516 1 16 150000000 131072
1517 2 17 140000000 65536
1518 1 16 150000000 131072
1519 5 17 190000000 32768
1520 2 17 130000000 65536
1521 1 16 160000000 131072
1522 2 17 140000000 65536
1523 1 16 150000000 131072
1524 96 17 160000000 512
1525 48 17 120000000 1024
1526 24 17 190000000 4096
1527 12 17 140000000 8192
1528 6 17 120000000 16384
1529 3 17 110000000 32768
1530 1 17 160000000 131072
1531 1 16 160000000 131072
1532 1 17 170000000 131072
1533 1 16 160000000 131072
1534 2 17 130000000 65536
1535 1 16 150000000 131072
1536 5 17 180000000 32768
1537 2 17 130000000 65536
1538 1 16 150000000 131072
1539 2 17 150000000 65536
1540 1 16 150000000 131072
1541 11 17 120000000 8192
1542 5 17 180000000 32768
1543 2 17 130000000 65536
1544 1 16 150000000 131072
1545 2 17 140000000 65536
1546 1 16 160000000 131072
1547 5 17 190000000 32768
1548 2 17 130000000 65536
1549 1 16 150000000 131072
1550 2 17 140000000 65536
1551 1 16 150000000 131072
1552 23 17 190000000 4096
1553 11 17 120000000 8192
1554 5 17 180000000 32768
1555 2 17 130000000 65536
1556 1 16 160000000 131072
1557 2 17 130000000 65536
1558 1 16 150000000 131072
1559 5 17 190000000 32768
1560 2 17 130000000 65536
1561 1 16 150000000 131072
1562 2 17 130000000 65536
1563 1 16 150000000 131072
1564 11 17 120000000 8192
1565 5 17 190000000 32768
1566 2 17 140000000 65536
1567 1 16 150000000 131072
1568 2 17 130000000 65536
1569 1 16 160000000 131072
1570 5 17 190000000 32768
1571 2 17 130000000 65536
1572 1 16 150000000 131072
1573 2 17 130000000 65536
1574 1 16 150000000 131072
1575 47 17 120000000 1024
1576 23 17 180000000 4096
1577 11 17 130000000 8192
1578 5 17 190000000 32768
1579 2 17 140000000 65536
1580 1 16 160000000 131072
1581 2 17 130000000 65536
1582 1 16 150000000 131072
1583 5 17 180000000 32768
1584 2 17 130000000 65536
1585 1 16 160000000 131072
1586 2 17 130000000 65536
1587 1 16 150000000 131072
1588 11 17 120000000 8192
1589 5 17 190000000 32768
1590 2 17 130000000 65536
1591 1 16 160000000 131072
1592 2 17 130000000 65536
1593 1 16 160000000 131072
1594 5 17 180000000 32768
1595 2 17 130000000 65536
1596 1 16 150000000 131072
1597 2 17 130000000 65536
1598 1 16 150000000 131072
1599 23 17 190000000 4096
1600 11 17 120000000 8192
1601 5 17 180000000 32768
1602 2 17 130000000 65536
1603 1 16 160000000 131072
1604 2 17 130000000 65536
1605 1 16 150000000 131072
1606 5 17 180000000 32768
1607 2 17 130000000 65536
1608 1 16 150000000 131072
1609 2 17 130000000 65536
1610 1 16 160000000 131072
1611 11 17 130000000 8192
1612 5 17 200000000 32768
1613 2 17 130000000 65536
1614 1 16 160000000 131072
1615 2 17 130000000 65536
1616 1 16 150000000 131072
1617 5 17 180000000 32768
1618 2 17 130000000 65536
1619 1 16 150000000 131072
1620 2 17 130000000 65536
1621 1 16 150000000 131072
1622 1562 17 130000000 4
1623 781 17 150000000 16
1624 390 17 170000000 64
1625 195 17 110000000 128
1626 97 17 160000000 512
1627 48 17 120000000 1024
1628 24 17 190000000 4096
1629 12 17 140000000 8192
1630 6 17 110000000 16384
1631 3 17 210000000 65536
1632 1 17 160000000 131072
1633 1 16 150000000 131072
1634 1 17 170000000 131072
1635 1 16 150000000 131072
1636 2 17 130000000 65536
1637 1 16 150000000 131072
1638 5 17 180000000 32768
1639 2 17 130000000 65536
1640 1 16 150000000 131072
1641 2 17 140000000 65536
1642 1 16 160000000 131072
1643 11 17 120000000 8192
1644 5 17 180000000 32768
1645 2 17 140000000 65536
1646 1 16 150000000 131072
1647 2 17 130000000 65536
1648 1 16 160000000 131072
1649 5 17 190000000 32768
1650 2 17 130000000 65536
1651 1 16 150000000 131072
1652 2 17 130000000 65536
1653 1 16 160000000 131072
1654 23 17 180000000 4096
1655 11 17 130000000 8192
1656 5 17 190000000 32768
1657 2 17 130000000 65536
1658 1 16 160000000 131072
1659 2 17 130000000 65536
1660 1 16 150000000 131072
1661 5 17 190000000 32768
1662 2 17 140000000 65536
1663 1 16 150000000 131072
1664 2 17 130000000 65536
1665 1 16 150000000 131072
1666 11 17 120000000 8192
1667 5 17 180000000 32768
1668 2 17 130000000 65536
1669 1 16 160000000 131072
1670 2 17 130000000 65536
1671 1 16 150000000 131072
1672 5 17 190000000 32768
1673 2 17 130000000 65536
1674 1 16 160000000 131072
1675 2 17 130000000 65536
1676 1 16 150000000 131072
1677 48 17 120000000 1024
1678 24 17 190000000 4096
1679 12 17 150000000 8192
1680 6 17 120000000 16384
1681 3 17 110000000 32768
1682 1 17 160000000 131072
1683 1 16 150000000 131072
1684 1 17 170000000 131072
1685 1 16 160000000 131072
1686 2 17 130000000 65536
1687 1 16 160000000 131072
1688 5 17 190000000 32768
1689 2 17 130000000 65536
1690 1 16 160000000 131072
1691 2 17 130000000 65536
1692 1 16 150000000 131072
1693 11 17 120000000 8192
1694 5 17 180000000 32768
1695 2 17 140000000 65536
1696 1 16 160000000 131072
1697 2 17 130000000 65536
1698 1 16 150000000 131072
1699 5 17 180000000 32768
1700 2 17 130000000 65536
1701 1 16 150000000 131072
1702 2 17 130000000 65536
1703 1 16 160000000 131072
1704 23 17 190000000 4096
1705 11 17 130000000 8192
1706 5 17 190000000 32768
1707 2 17 130000000 65536
1708 1 16 150000000 131072
1709 2 17 130000000 65536
1710 1 16 140000000 131072
1711 5 17 180000000 32768
1712 2 17 130000000 65536
1713 1 16 160000000 131072
1714 2 17 130000000 65536
1715 1 16 150000000 131072
1716 11 17 130000000 8192
1717 5 17 180000000 32768
1718 2 17 130000000 65536
1719 1 16 160000000 131072
1720 2 17 130000000 65536
1721 1 16 160000000 131072
1722 5 17 190000000 32768
1723 2 17 130000000 65536
1724 1 16 160000000 131072
1725 2 17 140000000 65536
1726 1 16 160000000 131072
1727 97 17 160000000 512
1728 48 17 120000000 1024
1729 24 17 190000000 4096
1730 12 17 140000000 8192
1731 6 17 110000000 16384
1732 3 17 110000000 32768
1733 1 17 160000000 131072
1734 1 16 150000000 131072
1735 1 17 160000000 131072
1736 1 16 150000000 131072
1737 2 17 130000000 65536
1738 1 16 160000000 131072
1739 5 17 190000000 32768
1740 2 17 130000000 65536
1741 1 16 150000000 131072
1742 2 17 130000000 65536
1743 1 16 160000000 131072
1744 11 17 130000000 8192
1745 5 17 190000000 32768
1746 2 17 130000000 65536
1747 1 16 150000000 131072
1748 2 17 130000000 65536
1749 1 16 150000000 131072
1750 5 17 190000000 32768
1751 2 17 140000000 65536
1752 1 16 150000000 131072
1753 2 17 140000000 65536
1754 1 16 150000000 131072
1755 23 17 190000000 4096
1756 11 17 120000000 8192
1757 5 17 180000000 32768
1758 2 17 130000000 65536
1759 1 16 160000000 131072
1760 2 17 130000000 65536
1761 1 16 150000000 131072
1762 5 17 190000000 32768
1763 2 17 130000000 65536
1764 1 16 150000000 131072
1765 2 17 140000000 65536
1766 1 16 160000000 131072
1767 11 17 130000000 8192
1768 5 17 180000000 32768
1769 2 17 130000000 65536
1770 1 16 150000000 131072
1771 2 17 130000000 65536
1772 1 16 150000000 131072
1773 5 17 180000000 32768
1774 2 17 130000000 65536
1775 1 16 150000000 131072
1776 2 17 130000000 65536
1777 1 16 150000000 131072
1778 48 17 120000000 1024
1779 24 17 190000000 4096
1780 12 17 140000000 8192
1781 6 17 110000000 16384
1782 3 17 110000000 32768
1783 1 17 160000000 131072
1784 1 16 150000000 131072
1785 1 17 160000000 131072
1786 1 16 150000000 131072
1787 2 17 130000000 65536
1788 1 16 150000000 131072
1789 5 17 180000000 32768
1790 2 17 140000000 65536
1791 1 16 150000000 131072
1792 2 17 140000000 65536
1793 1 16 150000000 131072
1794 11 17 120000000 8192
1795 5 17 180000000 32768
1796 2 17 130000000 65536
1797 1 16 150000000 131072
1798 2 17 130000000 65536
1799 1 16 150000000 131072
1800 5 17 180000000 32768
1801 2 17 130000000 65536
1802 1 16 160000000 131072
1803 2 17 130000000 65536
1804 1 16 140000000 131072
1805 23 17 180000000 4096
1806 11 17 120000000 8192
1807 5 17 180000000 32768
1808 2 17 130000000 65536
1809 1 16 160000000 131072
1810 2 17 130000000 65536
1811 1 16 150000000 131072
1812 5 17 180000000 32768
1813 2 17 130000000 65536
1814 1 16 150000000 131072
1815 2 17 140000000 65536
1816 1 16 140000000 131072
1817 11 17 120000000 8192
1818 5 17 180000000 32768
1819 2 17 130000000 65536
1820 1 16 160000000 131072
1821 2 17 140000000 65536
1822 1 16 160000000 131072
1823 5 17 190000000 32768
1824 2 17 140000000 65536
1825 1 16 150000000 131072
1826 2 17 140000000 65536
1827 1 16 150000000 131072
1828 194 17 110000000 128
1829 97 17 160000000 512
1830 48 17 120000000 1024
1831 24 17 190000000 4096
1832 12 17 140000000 8192
1833 6 17 110000000 16384
1834 3 17 200000000 65536
1835 1 17 170000000 131072
1836 1 16 150000000 131072
1837 1 17 160000000 131072
1838 1 16 150000000 131072
1839 2 17 130000000 65536
1840 1 16 150000000 131072
1841 5 17 180000000 32768
1842 2 17 130000000 65536
1843 1 16 160000000 131072
1844 2 17 140000000 65536
1845 1 16 150000000 131072
1846 11 17 130000000 8192
1847 5 17 190000000 32768
1848 2 17 140000000 65536
1849 1 16 150000000 131072
1850 2 17 130000000 65536
1851 1 16 150000000 131072
1852 5 17 180000000 32768
1853 2 17 130000000 65536
1854 1 16 150000000 131072
1855 2 17 140000000 65536
1856 1 16 160000000 131072
1857 23 17 180000000 4096
1858 11 17 130000000 8192
1859 5 17 190000000 32768
1860 2 17 140000000 65536
1861 1 16 160000000 131072
1862 2 17 130000000 65536
1863 1 16 160000000 131072
1864 5 17 190000000 32768
1865 2 17 140000000 65536
1866 1 16 150000000 131072
1867 2 17 130000000 65536
1868 1 16 150000000 131072
1869 11 17 130000000 8192
1870 5 17 180000000 32768
1871 2 17 130000000 65536
1872 1 16 150000000 131072
1873 2 17 140000000 65536
1874 1 16 150000000 131072
1875 5 17 190000000 32768
1876 2 17 130000000 65536
1877 1 16 160000000 131072
1878 2 17 130000000 65536
1879 1 16 150000000 131072
1880 48 17 120000000 1024
1881 24 17 190000000 4096
1882 12 17 140000000 8192
1883 6 17 120000000 16384
1884 3 17 110000000 32768
1885 1 17 160000000 131072
1886 1 16 160000000 131072
1887 1 17 160000000 131072
1888 1 16 160000000 131072
1889 2 17 130000000 65536
1890 1 16 140000000 131072
1891 5 17 190000000 32768
1892 2 17 130000000 65536
1893 1 16 150000000 131072
1894 2 17 130000000 65536
1895 1 16 160000000 131072
1896 11 17 130000000 8192
1897 5 17 190000000 32768
1898 2 17 130000000 65536
1899 1 16 160000000 131072
1900 2 17 140000000 65536
1901 1 16 150000000 131072
1902 5 17 190000000 32768
1903 2 17 130000000 65536
1904 1 16 150000000 131072
1905 2 17 130000000 65536
1906 1 16 160000000 131072
1907 23 17 180000000 4096
1908 11 17 130000000 8192
1909 5 17 180000000 32768
1910 2 17 130000000 65536
1911 1 16 150000000 131072
1912 2 17 130000000 65536
1913 1 16 170000000 131072
1914 5 17 180000000 32768
1915 2 17 140000000 65536
1916 1 16 150000000 131072
1917 2 17 140000000 65536
1918 1 16 150000000 131072
1919 11 17 130000000 8192
1920 5 17 190000000 32768
1921 2 17 130000000 65536
1922 1 16 150000000 131072
1923 2 17 130000000 65536
1924 1 16 150000000 131072
1925 5 17 180000000 32768
1926 2 17 130000000 65536
1927 1 16 160000000 131072
1928 2 17 130000000 65536
1929 1 16 160000000 131072
1930 96 17 160000000 512
1931 48 17 120000000 1024
1932 24 17 190000000 4096
1933 12 17 150000000 8192
1934 6 17 110000000 16384
1935 3 17 210000000 65536
1936 1 17 160000000 131072
1937 1 16 150000000 131072
1938 1 17 160000000 131072
1939 1 16 150000000 131072
1940 2 17 140000000 65536
1941 1 16 150000000 131072
1942 5 17 180000000 32768
1943 2 17 130000000 65536
1944 1 16 150000000 131072
1945 2 17 130000000 65536
1946 1 16 150000000 131072
1947 11 17 130000000 8192
1948 5 17 180000000 32768
1949 2 17 130000000 65536
1950 1 16 150000000 131072
1951 2 17 130000000 65536
1952 1 16 160000000 131072
1953 5 17 190000000 32768
1954 2 17 130000000 65536
1955 1 16 150000000 131072
1956 2 17 140000000 65536
1957 1 16 160000000 131072
1958 23 17 190000000 4096
1959 11 17 120000000 8192
1960 5 17 170000000 32768
1961 2 17 130000000 65536
1962 1 16 160000000 131072
1963 2 17 130000000 65536
1964 1 16 150000000 131072
1965 5 17 180000000 32768
1966 2 17 130000000 65536
1967 1 16 160000000 131072
1968 2 17 130000000 65536
1969 1 16 150000000 131072
1970 11 17 120000000 8192
1971 5 17 180000000 32768
1972 2 17 130000000 65536
1973 1 16 150000000 131072
1974 2 17 130000000 65536
1975 1 16 160000000 131072
1976 5 17 190000000 32768
1977 2 17 130000000 65536
1978 1 16 150000000 131072
1979 2 17 130000000 65536
1980 1 16 150000000 131072
1981 47 17 120000000 1024
1982 23 17 180000000 4096
1983 11 17 130000000 8192
1984 5 17 190000000 32768
1985 2 17 140000000 65536
1986 1 16 150000000 131072
1987 2 17 130000000 65536
1988 1 16 150000000 131072
1989 5 17 190000000 32768
1990 2 17 140000000 65536
1991 1 16 160000000 131072
1992 2 17 140000000 65536
1993 1 16 150000000 131072
1994 11 17 130000000 8192
1995 5 17 190000000 32768
1996 2 17 130000000 65536
1997 1 16 140000000 131072
1998 2 17 130000000 65536
1999 1 16 150000000 131072
2000 5 17 190000000 32768
2001 2 17 130000000 65536
2002 1 16 150000000 131072
2003 2 17 130000000 65536
2004 1 16 150000000 131072
2005 23 17 180000000 4096
2006 11 17 130000000 8192
2007 5 17 190000000 32768
2008 2 17 130000000 65536
2009 1 16 150000000 131072
2010 2 17 140000000 65536
2011 1 16 150000000 131072
2012 5 17 180000000 32768
2013 2 17 140000000 65536
2014 1 16 150000000 131072
2015 2 17 140000000 65536
2016 1 16 150000000 131072
2017 11 17 130000000 8192
2018 5 17 190000000 32768
2019 2 17 130000000 65536
2020 1 16 160000000 131072
2021 2 17 140000000 65536
2022 1 16 160000000 131072
2023 5 17 180000000 32768
2024 2 17 130000000 65536
2025 1 16 160000000 131072
2026 2 17 130000000 65536
2027 1 16 150000000 131072
2028 390 17 180000000 64
2029 195 17 110000000 128
2030 97 17 160000000 512
2031 48 17 120000000 1024
2032 24 17 190000000 4096
2033 12 17 150000000 8192
2034 6 17 120000000 16384
2035 3 17 110000000 32768
2036 1 17 160000000 131072
2037 1 16 160000000 131072
2038 1 17 160000000 131072
2039 1 16 150000000 131072
2040 2 17 130000000 65536
2041 1 16 150000000 131072
2042 5 17 180000000 32768
2043 2 17 130000000 65536
2044 1 16 150000000 131072
2045 2 17 130000000 65536
2046 1 16 150000000 131072
2047 11 17 130000000 8192
2048 5 17 180000000 32768
2049 2 17 130000000 65536
2050 1 16 150000000 131072
2051 2 17 130000000 65536
2052 1 16 150000000 131072
2053 5 17 180000000 32768
2054 2 17 140000000 65536
2055 1 16 150000000 131072
2056 2 17 130000000 65536
2057 1 16 160000000 131072
2058 23 17 180000000 4096
2059 11 17 120000000 8192
2060 5 17 180000000 32768
2061 2 17 140000000 65536
2062 1 16 150000000 131072
2063 2 17 130000000 65536
2064 1 16 160000000 131072
2065 5 17 190000000 32768
2066 2 17 130000000 65536
2067 1 16 150000000 131072
2068 2 17 130000000 65536
2069 1 16 150000000 131072
2070 11 17 120000000 8192
2071 5 17 180000000 32768
2072 2 17 130000000 65536
2073 1 16 150000000 131072
2074 2 17 140000000 65536
2075 1 16 150000000 131072
2076 5 17 180000000 32768
2077 2 17 140000000 65536
2078 1 16 150000000 131072
2079 2 17 140000000 65536
2080 1 16 150000000 131072
2081 48 17 120000000 1024
2082 24 17 190000000 4096
2083 12 17 150000000 8192
2084 6 17 120000000 16384
2085 3 17 110000000 32768
2086 1 17 160000000 131072
2087 1 16 160000000 131072
2088 1 17 160000000 131072
2089 1 16 160000000 131072
2090 2 17 130000000 65536
2091 1 16 170000000 131072
2092 5 17 190000000 32768
2093 2 17 130000000 65536
2094 1 16 150000000 131072
2095 2 17 140000000 65536
2096 1 16 150000000 131072
2097 11 17 120000000 8192
2098 5 17 180000000 32768
2099 2 17 140000000 65536
2100 1 16 160000000 131072
2101 2 17 140000000 65536
2102 1 16 160000000 131072
2103 5 17 180000000 32768
2104 2 17 140000000 65536
2105 1 16 140000000 131072
2106 2 17 130000000 65536
2107 1 16 160000000 131072
2108 23 17 180000000 4096
2109 11 17 130000000 8192
2110 5 17 190000000 32768
2111 2 17 130000000 65536
2112 1 16 160000000 131072
2113 2 17 130000000 65536
2114 1 16 160000000 131072
2115 5 17 180000000 32768
2116 2 17 130000000 65536
2117 1 16 150000000 131072
2118 2 17 140000000 65536
2119 1 16 160000000 131072
2120 11 17 130000000 8192
2121 5 17 190000000 32768
2122 2 17 140000000 65536
2123 1 16 160000000 131072
2124 2 17 130000000 65536
2125 1 16 150000000 131072
2126 5 17 190000000 32768
2127 2 17 130000000 65536
2128 1 16 150000000 131072
2129 2 17 140000000 65536
2130 1 16 150000000 131072
2131 97 17 160000000 512
2132 48 17 120000000 1024
2133 24 17 180000000 4096
2134 12 17 140000000 8192
2135 6 17 110000000 16384
2136 3 17 210000000 65536
2137 1 17 170000000 131072
2138 1 16 160000000 131072
2139 1 17 160000000 131072
2140 1 16 160000000 131072
2141 2 17 130000000 65536
2142 1 16 150000000 131072
2143 5 17 180000000 32768
2144 2 17 130000000 65536
2145 1 16 150000000 131072
2146 2 17 130000000 65536
2147 1 16 150000000 131072
2148 11 17 120000000 8192
2149 5 17 180000000 32768
2150 2 17 140000000 65536
2151 1 16 160000000 131072
2152 2 17 130000000 65536
2153 1 16 150000000 131072
2154 5 17 190000000 32768
2155 2 17 130000000 65536
2156 1 16 150000000 131072
2157 2 17 130000000 65536
2158 1 16 150000000 131072
2159 23 17 180000000 4096
2160 11 17 120000000 8192
2161 5 17 180000000 32768
2162 2 17 130000000 65536
2163 1 16 150000000 131072
2164 2 17 130000000 65536
2165 1 16 150000000 131072
2166 5 17 170000000 32768
2167 2 17 130000000 65536
2168 1 16 150000000 131072
2169 2 17 130000000 65536
2170 1 16 150000000 131072
2171 11 17 130000000 8192
2172 5 17 180000000 32768
2173 2 17 140000000 65536
2174 1 16 150000000 131072
2175 2 17 140000000 65536
2176 1 16 160000000 131072
2177 5 17 190000000 32768
2178 2 17 140000000 65536
2179 1 16 150000000 131072
2180 2 17 130000000 65536
2181 1 16 150000000 131072
2182 48 17 120000000 1024
2183 24 17 190000000 4096
2184 12 17 150000000 8192
2185 6 17 120000000 16384
2186 3 17 210000000 65536
2187 1 17 170000000 131072
2188 1 16 150000000 131072
2189 1 17 160000000 131072
2190 1 16 150000000 131072
2191 2 17 130000000 65536
2192 1 16 150000000 131072
2193 5 17 190000000 32768
2194 2 17 130000000 65536
2195 1 16 160000000 131072
2196 2 17 130000000 65536
2197 1 16 150000000 131072
2198 11 17 130000000 8192
2199 5 17 190000000 32768
2200 2 17 130000000 65536
2201 1 16 160000000 131072
2202 2 17 130000000 65536
2203 1 16 160000000 131072
2204 5 17 180000000 32768
2205 2 17 130000000 65536
2206 1 16 160000000 131072
2207 2 17 130000000 65536
2208 1 16 150000000 131072
2209 23 17 180000000 4096
2210 11 17 120000000 8192
2211 5 17 190000000 32768
2212 2 17 140000000 65536
2213 1 16 150000000 131072
2214 2 17 130000000 65536
2215 1 16 140000000 131072
2216 5 17 180000000 32768
2217 2 17 130000000 65536
2218 1 16 150000000 131072
2219 2 17 130000000 65536
2220 1 16 160000000 131072
2221 11 17 130000000 8192
2222 5 17 190000000 32768
2223 2 17 130000000 65536
2224 1 16 150000000 131072
2225 2 17 130000000 65536
2226 1 16 150000000 131072
2227 5 17 180000000 32768
2228 2 17 140000000 65536
2229 1 16 150000000 131072
2230 2 17 130000000 65536
2231 1 16 150000000 131072
2232 194 17 110000000 128
2233 97 17 160000000 512
2234 48 17 130000000 1024
2235 24 17 190000000 4096
2236 12 17 150000000 8192
2237 6 17 120000000 16384
2238 3 17 110000000 32768
2239 1 17 170000000 131072
2240 1 16 160000000 131072
2241 1 17 160000000 131072
2242 1 16 150000000 131072
2243 2 17 140000000 65536
2244 1 16 160000000 131072
2245 5 17 190000000 32768
2246 2 17 130000000 65536
2247 1 16 150000000 131072
2248 2 17 130000000 65536
2249 1 16 150000000 131072
2250 11 17 130000000 8192
2251 5 17 180000000 32768
2252 2 17 130000000 65536
2253 1 16 160000000 131072
2254 2 17 130000000 65536
2255 1 16 160000000 131072
2256 5 17 190000000 32768
2257 2 17 140000000 65536
2258 1 16 150000000 131072
2259 2 17 140000000 65536
2260 1 16 150000000 131072
2261 23 17 190000000 4096
2262 11 17 120000000 8192
2263 5 17 180000000 32768
2264 2 17 140000000 65536
2265 1 16 160000000 131072
2266 2 17 130000000 65536
2267 1 16 160000000 131072
2268 5 17 190000000 32768
2269 2 17 140000000 65536
2270 1 16 150000000 131072
2271 2 17 130000000 65536
2272 1 16 150000000 131072
2273 11 17 130000000 8192
2274 5 17 190000000 32768
2275 2 17 140000000 65536
2276 1 16 160000000 131072
2277 2 17 130000000 65536
2278 1 16 160000000 131072
2279 5 17 190000000 32768
2280 2 17 130000000 65536
2281 1 16 160000000 131072
2282 2 17 130000000 65536
2283 1 16 160000000 131072
2284 48 17 130000000 1024
2285 24 17 190000000 4096
2286 12 17 140000000 8192
2287 6 17 110000000 16384
2288 3 17 210000000 65536
2289 1 17 170000000 131072
2290 1 16 150000000 131072
2291 1 17 160000000 131072
2292 1 16 140000000 131072
2293 2 17 140000000 65536
2294 1 16 160000000 131072
2295 5 17 190000000 32768
2296 2 17 130000000 65536
2297 1 16 160000000 131072
2298 2 17 140000000 65536
2299 1 16 150000000 131072
2300 11 17 130000000 8192
2301 5 17 180000000 32768
2302 2 17 130000000 65536
2303 1 16 160000000 131072
2304 2 17 130000000 65536
2305 1 16 150000000 131072
2306 5 17 180000000 32768
2307 2 17 130000000 65536
2308 1 16 160000000 131072
2309 2 17 130000000 65536
2310 1 16 150000000 131072
2311 23 17 180000000 4096
2312 11 17 130000000 8192
2313 5 17 180000000 32768
2314 2 17 130000000 65536
2315 1 16 150000000 131072
2316 2 17 130000000 65536
2317 1 16 160000000 131072
2318 5 17 180000000 32768
2319 2 17 130000000 65536
2320 1 16 150000000 131072
2321 2 17 130000000 65536
2322 1 16 160000000 131072
2323 11 17 120000000 8192
2324 5 17 190000000 32768
2325 2 17 140000000 65536
2326 1 16 150000000 131072
2327 2 17 130000000 65536
2328 1 16 160000000 131072
2329 5 17 190000000 32768
2330 2 17 130000000 65536
2331 1 16 150000000 131072
2332 2 17 130000000 65536
2333 1 16 150000000 131072
2334 96 17 160000000 512
2335 48 17 120000000 1024
2336 24 17 190000000 4096
2337 12 17 150000000 8192
2338 6 17 120000000 16384
2339 3 17 110000000 32768
2340 1 17 160000000 131072
2341 1 16 160000000 131072
2342 1 17 170000000 131072
2343 1 16 140000000 131072
2344 2 17 130000000 65536
2345 1 16 150000000 131072
2346 5 17 180000000 32768
2347 2 17 130000000 65536
2348 1 16 160000000 131072
2349 2 17 140000000 65536
2350 1 16 150000000 131072
2351 11 17 120000000 8192
2352 5 17 180000000 32768
2353 2 17 130000000 65536
2354 1 16 160000000 131072
2355 2 17 130000000 65536
2356 1 16 160000000 131072
2357 5 17 180000000 32768
2358 2 17 130000000 65536
2359 1 16 150000000 131072
2360 2 17 130000000 65536
2361 1 16 150000000 131072
2362 23 17 180000000 4096
2363 11 17 130000000 8192
2364 5 17 180000000 32768
2365 2 17 140000000 65536
2366 1 16 150000000 131072
2367 2 17 140000000 65536
2368 1 16 150000000 131072
2369 5 17 180000000 32768
2370 2 17 130000000 65536
2371 1 16 150000000 131072
2372 2 17 140000000 65536
2373 1 16 150000000 131072
2374 11 17 120000000 8192
2375 5 17 180000000 32768
2376 2 17 140000000 65536
2377 1 16 160000000 131072
2378 2 17 130000000 65536
2379 1 16 160000000 131072
2380 5 17 190000000 32768
2381 2 17 140000000 65536
2382 1 16 150000000 131072
2383 2 17 140000000 65536
2384 1 16 160000000 131072
2385 47 17 120000000 1024
2386 23 17 190000000 4096
2387 11 17 130000000 8192
2388 5 17 180000000 32768
2389 2 17 140000000 65536
2390 1 16 150000000 131072
2391 2 17 140000000 65536
2392 1 16 150000000 131072
2393 5 17 190000000 32768
2394 2 17 140000000 65536
2395 1 16 150000000 131072
2396 2 17 130000000 65536
2397 1 16 160000000 131072
2398 11 17 130000000 8192
2399 5 17 180000000 32768
2400 2 17 130000000 65536
2401 1 16 150000000 131072
2402 2 17 130000000 65536
2403 1 16 150000000 131072
2404 5 17 180000000 32768
2405 2 17 130000000 65536
2406 1 16 150000000 131072
2407 2 17 130000000 65536
2408 1 16 150000000 131072
2409 23 17 180000000 4096
2410 11 17 130000000 8192
2411 5 17 190000000 32768
2412 2 17 130000000 65536
2413 1 16 150000000 131072
2414 2 17 130000000 65536
2415 1 16 150000000 131072
2416 5 17 190000000 32768
2417 2 17 130000000 65536
2418 1 16 150000000 131072
2419 2 17 130000000 65536
2420 1 16 150000000 131072
2421 11 17 120000000 8192
2422 5 17 190000000 32768
2423 2 17 130000000 65536
2424 1 16 160000000 131072
2425 2 17 130000000 65536
2426 1 16 160000000 131072
2427 5 17 190000000 32768
2428 2 17 130000000 65536
2429 1 16 150000000 131072
2430 2 17 130000000 65536
2431 1 16 150000000 131072
2432 780 17 140000000 16
2433 390 17 180000000 64
2434 195 17 110000000 128
2435 97 17 160000000 512
2436 48 17 120000000 1024
2437 24 17 190000000 4096
2438 12 17 140000000 8192
2439 6 17 120000000 16384
2440 3 17 110000000 32768
2441 1 17 160000000 131072
2442 1 16 150000000 131072
2443 1 17 170000000 131072
2444 1 16 150000000 131072
2445 2 17 130000000 65536
2446 1 16 150000000 131072
2447 5 17 190000000 32768
2448 2 17 130000000 65536
2449 1 16 160000000 131072
2450 2 17 140000000 65536
2451 1 16 150000000 131072
2452 11 17 120000000 8192
2453 5 17 190000000 32768
2454 2 17 140000000 65536
2455 1 16 150000000 131072
2456 2 17 130000000 65536
2457 1 16 150000000 131072
2458 5 17 180000000 32768
2459 2 17 130000000 65536
2460 1 16 150000000 131072
2461 2 17 130000000 65536
2462 1 16 150000000 131072
2463 23 17 180000000 4096
2464 11 17 130000000 8192
2465 5 17 180000000 32768
2466 2 17 140000000 65536
2467 1 16 150000000 131072
2468 2 17 130000000 65536
2469 1 16 150000000 131072
2470 5 17 180000000 32768
2471 2 17 130000000 65536
2472 1 16 150000000 131072
2473 2 17 130000000 65536
2474 1 16 150000000 131072
2475 11 17 120000000 8192
2476 5 17 180000000 32768
2477 2 17 130000000 65536
2478 1 16 150000000 131072
2479 2 17 130000000 65536
2480 1 16 160000000 131072
2481 5 17 180000000 32768
2482 2 17 130000000 65536
2483 1 16 150000000 131072
2484 2 17 140000000 65536
2485 1 16 140000000 131072
2486 48 17 120000000 1024
2487 24 17 190000000 4096
2488 12 17 140000000 8192
2489 6 17 120000000 16384
2490 3 17 110000000 32768
2491 1 17 170000000 131072
2492 1 16 160000000 131072
2493 1 17 160000000 131072
2494 1 16 150000000 131072
2495 2 17 130000000 65536
2496 1 16 150000000 131072
2497 5 17 190000000 32768
2498 2 17 140000000 65536
2499 1 16 160000000 131072
2500 2 17 130000000 65536
2501 1 16 150000000 131072
2502 11 17 120000000 8192
2503 5 17 180000000 32768
2504 2 17 130000000 65536
2505 1 16 150000000 131072
2506 2 17 130000000 65536
2507 1 16 160000000 131072
2508 5 17 190000000 32768
2509 2 17 130000000 65536
2510 1 16 160000000 131072
2511 2 17 130000000 65536
2512 1 16 150000000 131072
2513 23 17 180000000 4096
2514 11 17 130000000 8192
2515 5 17 190000000 32768
2516 2 17 130000000 65536
2517 1 16 150000000 131072
2518 2 17 130000000 65536
2519 1 16 150000000 131072
2520 5 17 190000000 32768
2521 2 17 140000000 65536
2522 1 16 160000000 131072
2523 2 17 130000000 65536
2524 1 16 140000000 131072
2525 11 17 130000000 8192
2526 5 17 190000000 32768
2527 2 17 140000000 65536
2528 1 16 150000000 131072
2529 2 17 130000000 65536
2530 1 16 160000000 131072
2531 5 17 190000000 32768
2532 2 17 140000000 65536
2533 1 16 150000000 131072
2534 2 17 130000000 65536
2535 1 16 150000000 131072
2536 97 17 160000000 512
2537 48 17 130000000 1024
2538 24 17 190000000 4096
2539 12 17 150000000 8192
2540 6 17 110000000 16384
2541 3 17 210000000 65536
2542 1 17 160000000 131072
2543 1 16 140000000 131072
2544 1 17 160000000 131072
2545 1 16 160000000 131072
2546 2 17 130000000 65536
2547 1 16 150000000 131072
2548 5 17 190000000 32768
2549 2 17 130000000 65536
2550 1 16 150000000 131072
2551 2 17 130000000 65536
2552 1 16 150000000 131072
2553 11 17 130000000 8192
2554 5 17 180000000 32768
2555 2 17 130000000 65536
2556 1 16 150000000 131072
2557 2 17 130000000 65536
2558 1 16 160000000 131072
2559 5 17 180000000 32768
2560 2 17 130000000 65536
2561 1 16 150000000 131072
2562 2 17 140000000 65536
2563 1 16 150000000 131072
2564 23 17 180000000 4096
2565 11 17 120000000 8192
2566 5 17 180000000 32768
2567 2 17 130000000 65536
2568 1 16 150000000 131072
2569 2 17 130000000 65536
2570 1 16 150000000 131072
2571 5 17 180000000 32768
2572 2 17 130000000 65536
2573 1 16 150000000 131072
2574 2 17 130000000 65536
2575 1 16 150000000 131072
2576 11 17 120000000 8192
2577 5 17 180000000 32768
2578 2 17 130000000 65536
2579 1 16 160000000 131072
2580 2 17 130000000 65536
2581 1 16 160000000 131072
2582 5 17 190000000 32768
2583 2 17 130000000 65536
2584 1 16 150000000 131072
2585 2 17 140000000 65536
2586 1 16 150000000 131072
2587 48 17 120000000 1024
2588 24 17 190000000 4096
2589 12 17 140000000 8192
2590 6 17 110000000 16384
2591 3 17 110000000 32768
2592 1 17 160000000 131072
2593 1 16 150000000 131072
2594 1 17 170000000 131072
2595 1 16 160000000 131072
2596 2 17 130000000 65536
2597 1 16 160000000 131072
2598 5 17 190000000 32768
2599 2 17 130000000 65536
2600 1 16 150000000 131072
2601 2 17 130000000 65536
2602 1 16 150000000 131072
2603 11 17 120000000 8192
2604 5 17 180000000 32768
2605 2 17 130000000 65536
2606 1 16 150000000 131072
2607 2 17 130000000 65536
2608 1 16 150000000 131072
2609 5 17 190000000 32768
2610 2 17 130000000 65536
2611 1 16 150000000 131072
2612 2 17 130000000 65536
2613 1 16 150000000 131072
2614 23 17 190000000 4096
2615 11 17 130000000 8192
2616 5 17 190000000 32768
2617 2 17 130000000 65536
2618 1 16 160000000 131072
2619 2 17 140000000 65536
2620 1 16 150000000 131072
2621 5 17 190000000 32768
2622 2 17 130000000 65536
2623 1 16 150000000 131072
2624 2 17 130000000 65536
2625 1 16 160000000 131072
2626 11 17 130000000 8192
2627 5 17 180000000 32768
2628 2 17 130000000 65536
2629 1 16 160000000 131072
2630 2 17 140000000 65536
2631 1 16 150000000 131072
2632 5 17 180000000 32768
2633 2 17 130000000 65536
2634 1 16 150000000 131072
2635 2 17 130000000 65536
2636 1 16 150000000 131072
2637 194 17 110000000 128
2638 97 17 150000000 512
2639 48 17 120000000 1024
2640 24 17 190000000 4096
2641 12 17 140000000 8192
2642 6 17 120000000 16384
2643 3 17 210000000 65536
2644 1 17 170000000 131072
2645 1 16 150000000 131072
2646 1 17 160000000 131072
2647 1 16 150000000 131072
2648 2 17 130000000 65536
2649 1 16 150000000 131072
2650 5 17 180000000 32768
2651 2 17 130000000 65536
2652 1 16 150000000 131072
2653 2 17 130000000 65536
2654 1 16 160000000 131072
2655 11 17 120000000 8192
2656 5 17 180000000 32768
2657 2 17 130000000 65536
2658 1 16 160000000 131072
2659 2 17 130000000 65536
2660 1 16 150000000 131072
2661 5 17 180000000 32768
2662 2 17 130000000 65536
2663 1 16 150000000 131072
2664 2 17 140000000 65536
2665 1 16 160000000 131072
2666 23 17 180000000 4096
2667 11 17 130000000 8192
2668 5 17 190000000 32768
2669 2 17 130000000 65536
2670 1 16 150000000 131072
2671 2 17 130000000 65536
2672 1 16 160000000 131072
2673 5 17 180000000 32768
2674 2 17 130000000 65536
2675 1 16 150000000 131072
2676 2 17 140000000 65536
2677 1 16 150000000 131072
2678 11 17 120000000 8192
2679 5 17 180000000 32768
2680 2 17 140000000 65536
2681 1 16 150000000 131072
2682 2 17 130000000 65536
2683 1 16 150000000 131072
2684 5 17 180000000 32768
2685 2 17 130000000 65536
2686 1 16 160000000 131072
2687 2 17 130000000 65536
2688 1 16 150000000 131072
2689 48 17 120000000 1024
2690 24 17 190000000 4096
2691 12 17 140000000 8192
2692 6 17 110000000 16384
2693 3 17 210000000 65536
2694 1 17 170000000 131072
2695 1 16 160000000 131072
2696 1 17 160000000 131072
2697 1 16 150000000 131072
2698 2 17 140000000 65536
2699 1 16 150000000 131072
2700 5 17 180000000 32768
2701 2 17 140000000 65536
2702 1 16 150000000 131072
2703 2 17 140000000 65536
2704 1 16 150000000 131072
2705 11 17 120000000 8192
2706 5 17 180000000 32768
2707 2 17 130000000 65536
2708 1 16 160000000 131072
2709 2 17 130000000 65536
2710 1 16 150000000 131072
2711 5 17 190000000 32768
2712 2 17 140000000 65536
2713 1 16 150000000 131072
2714 2 17 130000000 65536
2715 1 16 160000000 131072
2716 23 17 180000000 4096
2717 11 17 120000000 8192
2718 5 17 180000000 32768
2719 2 17 130000000 65536
2720 1 16 160000000 131072
2721 2 17 130000000 65536
2722 1 16 160000000 131072
2723 5 17 180000000 32768
2724 2 17 130000000 65536
2725 1 16 150000000 131072
2726 2 17 130000000 65536
2727 1 16 150000000 131072
2728 11 17 130000000 8192
2729 5 17 190000000 32768
2730 2 17 120000000 65536
2731 1 16 150000000 131072
2732 2 17 130000000 65536
2733 1 16 150000000 131072
2734 5 17 180000000 32768
2735 2 17 130000000 65536
2736 1 16 150000000 131072
2737 2 17 130000000 65536
2738 1 16 160000000 131072
2739 96 17 160000000 512
2740 48 17 130000000 1024
2741 24 17 190000000 4096
2742 12 17 150000000 8192
2743 6 17 120000000 16384
2744 3 17 110000000 32768
2745 1 17 170000000 131072
2746 1 16 150000000 131072
2747 1 17 170000000 131072
2748 1 16 150000000 131072
2749 2 17 130000000 65536
2750 1 16 150000000 131072
2751 5 17 180000000 32768
2752 2 17 130000000 65536
2753 1 16 150000000 131072
2754 2 17 130000000 65536
2755 1 16 160000000 131072
2756 11 17 130000000 8192
2757 5 17 190000000 32768
2758 2 17 130000000 65536
2759 1 16 150000000 131072
2760 2 17 140000000 65536
2761 1 16 150000000 131072
2762 5 17 190000000 32768
2763 2 17 130000000 65536
2764 1 16 150000000 131072
2765 2 17 130000000 65536
2766 1 16 150000000 131072
2767 23 17 180000000 4096
2768 11 17 120000000 8192
2769 5 17 180000000 32768
2770 2 17 140000000 65536
2771 1 16 150000000 131072
2772 2 17 130000000 65536
2773 1 16 160000000 131072
2774 5 17 190000000 32768
2775 2 17 130000000 65536
2776 1 16 150000000 131072
2777 2 17 130000000 65536
2778 1 16 150000000 131072
2779 11 17 140000000 8192
2780 5 17 180000000 32768
2781 2 17 130000000 65536
2782 1 16 160000000 131072
2783 2 17 130000000 65536
2784 1 16 150000000 131072
2785 5 17 190000000 32768
2786 2 17 130000000 65536
2787 1 16 160000000 131072
2788 2 17 130000000 65536
2789 1 16 150000000 131072
2790 47 17 120000000 1024
2791 23 17 190000000 4096
2792 11 17 120000000 8192
2793 5 17 180000000 32768
2794 2 17 130000000 65536
2795 1 16 150000000 131072
2796 2 17 130000000 65536
2797 1 16 150000000 131072
2798 5 17 190000000 32768
2799 2 17 140000000 65536
2800 1 16 150000000 131072
2801 2 17 130000000 65536
2802 1 16 150000000 131072
2803 11 17 130000000 8192
2804 5 17 190000000 32768
2805 2 17 130000000 65536
2806 1 16 150000000 131072
2807 2 17 130000000 65536
2808 1 16 150000000 131072
2809 5 17 190000000 32768
2810 2 17 140000000 65536
2811 1 16 150000000 131072
2812 2 17 130000000 65536
2813 1 16 150000000 131072
2814 23 17 180000000 4096
2815 11 17 120000000 8192
2816 5 17 180000000 32768
2817 2 17 130000000 65536
2818 1 16 140000000 131072
2819 2 17 130000000 65536
2820 1 16 160000000 131072
2821 5 17 190000000 32768
2822 2 17 130000000 65536
2823 1 16 150000000 131072
2824 2 17 130000000 65536
2825 1 16 150000000 131072
2826 11 17 130000000 8192
2827 5 17 180000000 32768
2828 2 17 130000000 65536
2829 1 16 150000000 131072
2830 2 17 130000000 65536
2831 1 16 150000000 131072
2832 5 17 190000000 32768
2833 2 17 130000000 65536
2834 1 16 150000000 131072
2835 2 17 120000000 65536
2836 1 16 160000000 131072
2837 389 17 170000000 64
2838 194 17 110000000 128
2839 97 17 160000000 512
2840 48 17 120000000 1024
2841 24 17 190000000 4096
2842 12 17 140000000 8192
2843 6 17 120000000 16384
2844 3 17 220000000 65536
2845 1 17 160000000 131072
2846 1 16 150000000 131072
2847 1 17 150000000 131072
2848 1 16 150000000 131072
2849 2 17 130000000 65536
2850 1 16 150000000 131072
2851 5 17 180000000 32768
2852 2 17 130000000 65536
2853 1 16 160000000 131072
2854 2 17 140000000 65536
2855 1 16 150000000 131072
2856 11 17 120000000 8192
2857 5 17 190000000 32768
2858 2 17 140000000 65536
2859 1 16 150000000 131072
2860 2 17 140000000 65536
2861 1 16 160000000 131072
2862 5 17 190000000 32768
2863 2 17 130000000 65536
2864 1 16 150000000 131072
2865 2 17 130000000 65536
2866 1 16 150000000 131072
2867 23 17 190000000 4096
2868 11 17 130000000 8192
2869 5 17 190000000 32768
2870 2 17 140000000 65536
2871 1 16 150000000 131072
2872 2 17 130000000 65536
2873 1 16 150000000 131072
2874 5 17 180000000 32768
2875 2 17 130000000 65536
2876 1 16 150000000 131072
2877 2 17 130000000 65536
2878 1 16 140000000 131072
2879 11 17 130000000 8192
2880 5 17 190000000 32768
2881 2 17 140000000 65536
2882 1 16 150000000 131072
2883 2 17 140000000 65536
2884 1 16 150000000 131072
2885 5 17 180000000 32768
2886 2 17 130000000 65536
2887 1 16 150000000 131072
2888 2 17 130000000 65536
2889 1 16 160000000 131072
2890 48 17 130000000 1024
2891 24 17 190000000 4096
2892 12 17 140000000 8192
2893 6 17 110000000 16384
2894 3 17 210000000 65536
2895 1 17 160000000 131072
2896 1 16 150000000 131072
2897 1 17 160000000 131072
2898 1 16 160000000 131072
2899 2 17 130000000 65536
2900 1 16 150000000 131072
2901 5 17 180000000 32768
2902 2 17 130000000 65536
2903 1 16 150000000 131072
2904 2 17 130000000 65536
2905 1 16 150000000 131072
2906 11 17 120000000 8192
2907 5 17 180000000 32768
2908 2 17 130000000 65536
2909 1 16 150000000 131072
2910 2 17 120000000 65536
2911 1 16 150000000 131072
2912 5 17 190000000 32768
2913 2 17 140000000 65536
2914 1 16 150000000 131072
2915 2 17 140000000 65536
2916 1 16 160000000 131072
2917 23 17 180000000 4096
2918 11 17 130000000 8192
2919 5 17 190000000 32768
2920 2 17 140000000 65536
2921 1 16 150000000 131072
2922 2 17 130000000 65536
2923 1 16 150000000 131072
2924 5 17 180000000 32768
2925 2 17 130000000 65536
2926 1 16 150000000 131072
2927 2 17 130000000 65536
2928 1 16 160000000 131072
2929 11 17 130000000 8192
2930 5 17 180000000 32768
2931 2 17 130000000 65536
2932 1 16 150000000 131072
2933 2 17 130000000 65536
2934 1 16 160000000 131072
2935 5 17 190000000 32768
2936 2 17 130000000 65536
2937 1 16 160000000 131072
2938 2 17 130000000 65536
2939 1 16 150000000 131072
2940 96 17 160000000 512
2941 48 17 130000000 1024
2942 24 17 190000000 4096
2943 12 17 150000000 8192
2944 6 17 110000000 16384
2945 3 17 210000000 65536
2946 1 17 160000000 131072
2947 1 16 160000000 131072
2948 1 17 160000000 131072
2949 1 16 150000000 131072
2950 2 17 130000000 65536
2951 1 16 150000000 131072
2952 5 17 190000000 32768
2953 2 17 140000000 65536
2954 1 16 160000000 131072
2955 2 17 130000000 65536
2956 1 16 160000000 131072
2957 11 17 130000000 8192
2958 5 17 180000000 32768
2959 2 17 130000000 65536
2960 1 16 140000000 131072
2961 2 17 130000000 65536
2962 1 16 150000000 131072
2963 5 17 180000000 32768
2964 2 17 130000000 65536
2965 1 16 150000000 131072
2966 2 17 130000000 65536
2967 1 16 160000000 131072
2968 23 17 190000000 4096
2969 11 17 130000000 8192
2970 5 17 180000000 32768
2971 2 17 130000000 65536
2972 1 16 160000000 131072
2973 2 17 130000000 65536
2974 1 16 160000000 131072
2975 5 17 180000000 32768
2976 2 17 130000000 65536
2977 1 16 150000000 131072
2978 2 17 130000000 65536
2979 1 16 150000000 131072
2980 11 17 130000000 8192
2981 5 17 190000000 32768
2982 2 17 130000000 65536
2983 1 16 150000000 131072
2984 2 17 130000000 65536
2985 1 16 160000000 131072
2986 5 17 190000000 32768
2987 2 17 130000000 65536
2988 1 16 150000000 131072
2989 2 17 130000000 65536
2990 1 16 150000000 131072
2991 47 17 130000000 1024
2992 23 17 180000000 4096
2993 11 17 120000000 8192
2994 5 17 180000000 32768
2995 2 17 130000000 65536
2996 1 16 150000000 131072
2997 2 17 130000000 65536
2998 1 16 150000000 131072
2999 5 17 180000000 32768
3000 2 17 140000000 65536
3001 1 16 160000000 131072
3002 2 17 130000000 65536
3003 1 16 160000000 131072
3004 11 17 130000000 8192
3005 5 17 190000000 32768
3006 2 17 130000000 65536
3007 1 16 150000000 131072
3008 2 17 130000000 65536
3009 1 16 160000000 131072
3010 5 17 190000000 32768
3011 2 17 130000000 65536
3012 1 16 160000000 131072
3013 2 17 130000000 65536
3014 1 16 150000000 131072
3015 23 17 180000000 4096
3016 11 17 130000000 8192
3017 5 17 180000000 32768
3018 2 17 130000000 65536
3019 1 16 150000000 131072
3020 2 17 140000000 65536
3021 1 16 150000000 131072
3022 5 17 180000000 32768
3023 2 17 130000000 65536
3024 1 16 150000000 131072
3025 2 17 130000000 65536
3026 1 16 150000000 131072
3027 11 17 130000000 8192
3028 5 17 180000000 32768
3029 2 17 130000000 65536
3030 1 16 150000000 131072
3031 2 17 140000000 65536
3032 1 16 150000000 131072
3033 5 17 180000000 32768
3034 2 17 130000000 65536
3035 1 16 150000000 131072
3036 2 17 130000000 65536
3037 1 16 150000000 131072
3038 194 17 110000000 128
3039 97 17 170000000 512
3040 48 17 130000000 1024
3041 24 17 190000000 4096
3042 12 17 150000000 8192
3043 6 17 110000000 16384
3044 3 17 210000000 65536
3045 1 17 160000000 131072
3046 1 16 150000000 131072
3047 1 17 160000000 131072
3048 1 16 160000000 131072
3049 2 17 130000000 65536
3050 1 16 150000000 131072
3051 5 17 180000000 32768
3052 2 17 130000000 65536
3053 1 16 150000000 131072
3054 2 17 130000000 65536
3055 1 16 150000000 131072
3056 11 17 120000000 8192
3057 5 17 180000000 32768
3058 2 17 130000000 65536
3059 1 16 160000000 131072
3060 2 17 130000000 65536
3061 1 16 160000000 131072
3062 5 17 190000000 32768
3063 2 17 140000000 65536
3064 1 16 150000000 131072
3065 2 17 130000000 65536
3066 1 16 150000000 131072
3067 23 17 190000000 4096
3068 11 17 120000000 8192
3069 5 17 180000000 32768
3070 2 17 130000000 65536
3071 1 16 160000000 131072
3072 2 17 130000000 65536
3073 1 16 150000000 131072
3074 5 17 180000000 32768
3075 2 17 140000000 65536
3076 1 16 160000000 131072
3077 2 17 130000000 65536
3078 1 16 150000000 131072
3079 11 17 120000000 8192
3080 5 17 190000000 32768
3081 2 17 130000000 65536
3082 1 16 150000000 131072
3083 2 17 130000000 65536
3084 1 16 150000000 131072
3085 5 17 180000000 32768
3086 2 17 130000000 65536
3087 1 16 160000000 131072
3088 2 17 130000000 65536
3089 1 16 150000000 131072
3090 48 17 130000000 1024
3091 24 17 190000000 4096
3092 12 17 150000000 8192
3093 6 17 110000000 16384
3094 3 17 110000000 32768
3095 1 17 150000000 131072
3096 1 16 150000000 131072
3097 1 17 170000000 131072
3098 1 16 150000000 131072
3099 2 17 130000000 65536
3100 1 16 160000000 131072
3101 5 17 190000000 32768
3102 2 17 130000000 65536
3103 1 16 150000000 131072
3104 2 17 130000000 65536
3105 1 16 150000000 131072
3106 11 17 120000000 8192
3107 5 17 180000000 32768
3108 2 17 130000000 65536
3109 1 16 160000000 131072
3110 2 17 130000000 65536
3111 1 16 150000000 131072
3112 5 17 190000000 32768
3113 2 17 140000000 65536
3114 1 16 150000000 131072
3115 2 17 130000000 65536
3116 1 16 160000000 131072
3117 23 17 180000000 4096
3118 11 17 120000000 8192
3119 5 17 180000000 32768
3120 2 17 130000000 65536
3121 1 16 160000000 131072
3122 2 17 130000000 65536
3123 1 16 140000000 131072
3124 5 17 180000000 32768
3125 2 17 130000000 65536
3126 1 16 160000000 131072
3127 2 17 130000000 65536
3128 1 16 160000000 131072
3129 11 17 130000000 8192
3130 5 17 190000000 32768
3131 2 17 130000000 65536
3132 1 16 150000000 131072
3133 2 17 130000000 65536
3134 1 16 150000000 131072
3135 5 17 180000000 32768
3136 2 17 130000000 65536
3137 1 16 150000000 131072
3138 2 17 140000000 65536
3139 1 16 160000000 131072
3140 96 17 150000000 512
3141 48 17 130000000 1024
3142 24 17 190000000 4096
3143 12 17 150000000 8192
3144 6 17 120000000 16384
3145 3 17 210000000 65536
3146 1 17 160000000 131072
3147 1 16 160000000 131072
3148 1 17 160000000 131072
3149 1 16 160000000 131072
3150 2 17 140000000 65536
3151 1 16 150000000 131072
3152 5 17 180000000 32768
3153 2 17 130000000 65536
3154 1 16 160000000 131072
3155 2 17 130000000 65536
3156 1 16 160000000 131072
3157 11 17 130000000 8192
3158 5 17 180000000 32768
3159 2 17 130000000 65536
3160 1 16 150000000 131072
3161 2 17 130000000 65536
3162 1 16 150000000 131072
3163 5 17 190000000 32768
3164 2 17 130000000 65536
3165 1 16 160000000 131072
3166 2 17 130000000 65536
3167 1 16 160000000 131072
3168 23 17 180000000 4096
3169 11 17 130000000 8192
3170 5 17 180000000 32768
3171 2 17 130000000 65536
3172 1 16 150000000 131072
3173 2 17 130000000 65536
3174 1 16 150000000 131072
3175 5 17 180000000 32768
3176 2 17 130000000 65536
3177 1 16 150000000 131072
3178 2 17 140000000 65536
3179 1 16 150000000 131072
3180 11 17 120000000 8192
3181 5 17 180000000 32768
3182 2 17 130000000 65536
3183 1 16 160000000 131072
3184 2 17 130000000 65536
3185 1 16 150000000 131072
3186 5 17 180000000 32768
3187 2 17 130000000 65536
3188 1 16 150000000 131072
3189 2 17 120000000 65536
3190 1 16 160000000 131072
3191 47 17 120000000 1024
3192 23 17 180000000 4096
3193 11 17 120000000 8192
3194 5 17 180000000 32768
3195 2 17 130000000 65536
3196 1 16 160000000 131072
3197 2 17 130000000 65536
3198 1 16 150000000 131072
3199 5 17 190000000 32768
3200 2 17 130000000 65536
3201 1 16 160000000 131072
3202 2 17 130000000 65536
3203 1 16 160000000 131072
3204 11 17 130000000 8192
3205 5 17 190000000 32768
3206 2 17 140000000 65536
3207 1 16 160000000 131072
3208 2 17 140000000 65536
3209 1 16 150000000 131072
3210 5 17 180000000 32768
3211 2 17 140000000 65536
3212 1 16 150000000 131072
3213 2 17 140000000 65536
3214 1 16 150000000 131072
3215 23 17 180000000 4096
3216 11 17 120000000 8192
3217 5 17 190000000 32768
3218 2 17 130000000 65536
3219 1 16 150000000 131072
3220 2 17 130000000 65536
3221 1 16 150000000 131072
3222 5 17 190000000 32768
3223 2 17 130000000 65536
3224 1 16 150000000 131072
3225 2 17 130000000 65536
3226 1 16 160000000 131072
3227 11 17 130000000 8192
3228 5 17 180000000 32768
3229 2 17 140000000 65536
3230 1 16 160000000 131072
3231 2 17 130000000 65536
3232 1 16 150000000 131072
3233 5 17 190000000 32768
3234 2 17 140000000 65536
3235 1 16 150000000 131072
3236 2 17 130000000 65536
3237 1 16 150000000 131072
3238 3124 17 130000000 1
3239 1562 17 130000000 4
3240 781 17 140000000 16
3241 390 17 180000000 64
3242 195 17 110000000 128
3243 97 17 160000000 512
3244 48 17 120000000 1024
3245 24 17 180000000 4096
3246 12 17 140000000 8192
3247 6 17 120000000 16384
3248 3 17 210000000 65536
3249 1 17 170000000 131072
3250 1 16 160000000 131072
3251 1 17 160000000 131072
3252 1 16 150000000 131072
3253 2 17 130000000 65536
3254 1 16 160000000 131072
3255 5 17 180000000 32768
3256 2 17 140000000 65536
3257 1 16 150000000 131072
3258 2 17 130000000 65536
3259 1 16 150000000 131072
3260 11 17 120000000 8192
3261 5 17 190000000 32768
3262 2 17 130000000 65536
3263 1 16 160000000 131072
3264 2 17 130000000 65536
3265 1 16 160000000 131072
3266 5 17 190000000 32768
3267 2 17 140000000 65536
3268 1 16 160000000 131072
3269 2 17 130000000 65536
3270 1 16 160000000 131072
3271 23 17 180000000 4096
3272 11 17 130000000 8192
3273 5 17 190000000 32768
3274 2 17 130000000 65536
3275 1 16 150000000 131072
3276 2 17 130000000 65536
3277 1 16 160000000 131072
3278 5 17 180000000 32768
3279 2 17 130000000 65536
3280 1 16 150000000 131072
3281 2 17 130000000 65536
3282 1 16 160000000 131072
3283 11 17 130000000 8192
3284 5 17 180000000 32768
3285 2 17 130000000 65536
3286 1 16 150000000 131072
3287 2 17 130000000 65536
3288 1 16 150000000 131072
3289 5 17 190000000 32768
3290 2 17 140000000 65536
3291 1 16 160000000 131072
3292 2 17 140000000 65536
3293 1 16 150000000 131072
3294 48 17 120000000 1024
3295 24 17 190000000 4096
3296 12 17 140000000 8192
3297 6 17 110000000 16384
3298 3 17 110000000 32768
3299 1 17 160000000 131072
3300 1 16 150000000 131072
3301 1 17 150000000 131072
3302 1 16 160000000 131072
3303 2 17 140000000 65536
3304 1 16 150000000 131072
3305 5 17 190000000 32768
3306 2 17 140000000 65536
3307 1 16 140000000 131072
3308 2 17 130000000 65536
3309 1 16 150000000 131072
3310 11 17 130000000 8192
3311 5 17 190000000 32768
3312 2 17 130000000 65536
3313 1 16 150000000 131072
3314 2 17 130000000 65536
3315 1 16 160000000 131072
3316 5 17 180000000 32768
3317 2 17 140000000 65536
3318 1 16 150000000 131072
3319 2 17 130000000 65536
3320 1 16 150000000 131072
3321 23 17 180000000 4096
3322 11 17 130000000 8192
3323 5 17 190000000 32768
3324 2 17 140000000 65536
3325 1 16 150000000 131072
3326 2 17 130000000 65536
3327 1 16 150000000 131072
3328 5 17 180000000 32768
3329 2 17 140000000 65536
3330 1 16 150000000 131072
3331 2 17 130000000 65536
3332 1 16 150000000 131072
3333 11 17 130000000 8192
3334 5 17 190000000 32768
3335 2 17 140000000 65536
3336 1 16 150000000 131072
3337 2 17 120000000 65536
3338 1 16 150000000 131072
3339 5 17 190000000 32768
3340 2 17 140000000 65536
3341 1 16 150000000 131072
3342 2 17 140000000 65536
3343 1 16 150000000 131072
3344 97 17 160000000 512
3345 48 17 120000000 1024
3346 24 17 190000000 4096
3347 12 17 140000000 8192
3348 6 17 110000000 16384
3349 3 17 210000000 65536
3350 1 17 160000000 131072
3351 1 16 150000000 131072
3352 1 17 170000000 131072
3353 1 16 150000000 131072
3354 2 17 140000000 65536
3355 1 16 150000000 131072
3356 5 17 180000000 32768
3357 2 17 130000000 65536
3358 1 16 150000000 131072
3359 2 17 130000000 65536
3360 1 16 150000000 131072
3361 11 17 130000000 8192
3362 5 17 190000000 32768
3363 2 17 130000000 65536
3364 1 16 150000000 131072
3365 2 17 130000000 65536
3366 1 16 150000000 131072
3367 5 17 180000000 32768
3368 2 17 130000000 65536
3369 1 16 150000000 131072
3370 2 17 140000000 65536
3371 1 16 150000000 131072
3372 23 17 190000000 4096
3373 11 17 130000000 8192
3374 5 17 190000000 32768
3375 2 17 130000000 65536
3376 1 16 150000000 131072
3377 2 17 140000000 65536
3378 1 16 160000000 131072
3379 5 17 190000000 32768
3380 2 17 130000000 65536
3381 1 16 160000000 131072
3382 2 17 140000000 65536
3383 1 16 160000000 131072
3384 11 17 120000000 8192
3385 5 17 180000000 32768
3386 2 17 130000000 65536
3387 1 16 150000000 131072
3388 2 17 130000000 65536
3389 1 16 160000000 131072
3390 5 17 190000000 32768
3391 2 17 140000000 65536
3392 1 16 140000000 131072
3393 2 17 130000000 65536
3394 1 16 150000000 131072
3395 48 17 120000000 1024
3396 24 17 190000000 4096
3397 12 17 150000000 8192
3398 6 17 120000000 16384
3399 3 17 110000000 32768
3400 1 17 160000000 131072
3401 1 16 160000000 131072
3402 1 17 160000000 131072
3403 1 16 150000000 131072
3404 2 17 130000000 65536
3405 1 16 140000000 131072
3406 5 17 180000000 32768
3407 2 17 130000000 65536
3408 1 16 160000000 131072
3409 2 17 130000000 65536
3410 1 16 160000000 131072
3411 11 17 120000000 8192
3412 5 17 180000000 32768
3413 2 17 130000000 65536
3414 1 16 150000000 131072
3415 2 17 140000000 65536
3416 1 16 150000000 131072
3417 5 17 180000000 32768
3418 2 17 130000000 65536
3419 1 16 150000000 131072
3420 2 17 140000000 65536
3421 1 16 150000000 131072
3422 23 17 180000000 4096
3423 11 17 130000000 8192
3424 5 17 190000000 32768
3425 2 17 130000000 65536
3426 1 16 150000000 131072
3427 2 17 140000000 65536
3428 1 16 140000000 131072
3429 5 17 180000000 32768
3430 2 17 130000000 65536
3431 1 16 150000000 131072
3432 2 17 130000000 65536
3433 1 16 150000000 131072
3434 11 17 130000000 8192
3435 5 17 190000000 32768
3436 2 17 130000000 65536
3437 1 16 150000000 131072
3438 2 17 140000000 65536
3439 1 16 150000000 131072
3440 5 17 180000000 32768
3441 2 17 140000000 65536
3442 1 16 150000000 131072
3443 2 17 140000000 65536
3444 1 16 160000000 131072
3445 194 17 110000000 128
3446 97 17 160000000 512
3447 48 17 120000000 1024
3448 24 17 190000000 4096
3449 12 17 140000000 8192
3450 6 17 120000000 16384
3451 3 17 210000000 65536
3452 1 17 160000000 131072
3453 1 16 150000000 131072
3454 1 17 160000000 131072
3455 1 16 160000000 131072
3456 2 17 130000000 65536
3457 1 16 150000000 131072
3458 5 17 190000000 32768
3459 2 17 140000000 65536
3460 1 16 160000000 131072