100 5 4
499742
113396
50 5 3
136730
32890
25 5 3
32945
10328
12 5 2
5650
3716
6 5 2
1103
1602
3 5 2
305
820
2 5 1
49
438
5 5 2
724
1236
2 5 1
45
409
2 5 1
44
422
12 5 2
4098
4140
6 5 2
987
1600
3 5 1
270
605
2 5 2
50
581
5 5 1
732
1684
2 5 1
43
437
2 5 1
44
393
24 5 2
18078
10935
12 5 2
4495
3801
6 5 1
1119
1346
3 5 1
259
636
2 5 1
44
409
5 5 1
700
994
2 5 1
47
432
2 5 1
44
405
11 5 2
3530
3632
5 5 1
783
1151
2 5 1
48
419
2 5 1
48
415
5 5 1
747
1271
2 5 1
44
399
2 5 1
45
406
49 5 3
91715
36112
24 5 2
18208
9582
12 5 2
4946
4061
6 5 1
1084
1358
3 5 1
281
654
2 5 1
46
414
5 5 1
779
1344
2 5 1
47
399
2 5 1
48
418
11 5 2
3558
3257
5 5 1
783
1260
2 5 1
43
449
2 5 1
46
409
5 5 1
725
1193
2 5 1
44
411
2 5 1
45
403
24 5 3
17584
9757
12 5 2
4115
3341
6 5 1
1025
1683
3 5 1
270
616
2 5 1
46
423
5 5 1
743
1103
2 5 1
45
410
2 5 1
48
455
11 5 3
3706
3816
5 5 2
766
1176
2 5 2
53
562
2 5 1
49
410
5 5 1
743
1283
2 5 1
45
426
2 5 1
49
418
