0 10 4
0.4244022348763421 0.07291777624659246 0.3678107521602084 0.13640950188769696 
0.05226111051957538 0.04871664780023832 0.04249138326676205 0.6576369297555791 
0.1331502310936783 0.34470998725388 0.5536963774886403 0.7681157303772166 
0.7749819335713602 0.5613597144109356 0.7066708041597163 0.576306459906022 
0.3013471404042698 0.42433320336726066 0.8677484879942473 0.8027628831114337 
0.8718946796850496 0.5329937316977678 0.6289881286594996 0.4726939344375817 
0.09696290994257128 0.7910168956448238 0.33871971121932876 0.26008800891399353 
0.06678203216288758 0.6682117923430708 0.7918555504373704 0.6036700079069182 
0.31419873490312467 0.2990698287204415 0.8005768878794957 0.024530807939661337 
0.23475722901439056 0.43626096661118985 0.19901593998409361 0.04108965148948074 
1 5 4
0.4244022348763421 0.07291777624659246 0.3678107521602084 0.13640950188769696 
0.05226111051957538 0.04871664780023832 0.04249138326676205 0.6576369297555791 
0.1331502310936783 0.34470998725388 0.5536963774886403 0.7681157303772166 
0.7749819335713602 0.5613597144109356 0.7066708041597163 0.576306459906022 
0.3013471404042698 0.42433320336726066 0.8677484879942473 0.8027628831114337 
2 2 4
0.4244022348763421 0.07291777624659246 0.3678107521602084 0.13640950188769696 
0.05226111051957538 0.04871664780023832 0.04249138326676205 0.6576369297555791 
3 1 3
0.4244022348763421 0.07291777624659246 0.3678107521602084 
4 2 4
0.4244022348763421 0.07291777624659246 0.3678107521602084 0.13640950188769696 
0.05226111051957538 0.04871664780023832 0.04249138326676205 0.6576369297555791 
5 1 3
0.4244022348763421 0.07291777624659246 0.3678107521602084 
6 4 4
0.4244022348763421 0.07291777624659246 0.3678107521602084 0.13640950188769696 
0.05226111051957538 0.04871664780023832 0.04249138326676205 0.6576369297555791 
0.1331502310936783 0.34470998725388 0.5536963774886403 0.7681157303772166 
0.7749819335713602 0.5613597144109356 0.7066708041597163 0.576306459906022 
7 2 4
0.4244022348763421 0.07291777624659246 0.3678107521602084 0.13640950188769696 
0.05226111051957538 0.04871664780023832 0.04249138326676205 0.6576369297555791 
8 1 3
0.4244022348763421 0.07291777624659246 0.3678107521602084 
9 1 4
0.4244022348763421 0.07291777624659246 0.3678107521602084 0.13640950188769696 
