0 100 5
0.4244022348763421 0.07291777624659246 0.3678107521602084 0.13640950188769696 0.05226111051957538 
0.04871664780023832 0.04249138326676205 0.6576369297555791 0.1331502310936783 0.34470998725388 
0.5536963774886403 0.7681157303772166 0.7749819335713602 0.5613597144109356 0.7066708041597163 
0.576306459906022 0.3013471404042698 0.42433320336726066 0.8677484879942473 0.8027628831114337 
0.8718946796850496 0.5329937316977678 0.6289881286594996 0.4726939344375817 0.09696290994257128 
0.7910168956448238 0.33871971121932876 0.26008800891399353 0.06678203216288758 0.6682117923430708 
0.7918555504373704 0.6036700079069182 0.31419873490312467 0.2990698287204415 0.8005768878794957 
0.024530807939661337 0.23475722901439056 0.43626096661118985 0.19901593998409361 0.04108965148948074 
0.3991037319254619 0.4462412135485557 0.0748102521306826 0.699120275723335 0.010064491417379973 
0.8593311658577453 0.6659146649063544 0.012891771094161952 0.48037957146816157 0.468070558922438 
0.41281338753081764 0.5480453455949809 0.7369582571535539 0.6053488090069378 0.1142830584459088 
0.9676488390971381 0.39365432994047755 0.027757574269612117 0.9991152129453084 0.609940912697827 
0.3769419899113412 0.779805752293559 0.7967142856937924 0.06959710523100904 0.9375068558875689 
0.5210833160406466 0.5662453308766012 0.3139204179561864 0.23564830764954747 0.06115545130894151 
0.12701331437152064 0.081179311896315 0.8495229482506507 0.2659137886339781 0.42201376149897374 
0.1803863230761782 0.622641461684858 0.07430694230738322 0.04210204512540572 0.8401307998065074 
0.24066424611732584 0.0958174827456153 0.4399868195619091 0.4386496325739775 0.8074233211008416 
0.14674855965821687 0.0712607941158625 0.7881401767248112 0.47623180598625037 0.12732777151374142 
0.8139395539461858 0.6433896523538323 0.8849243337257728 0.8418320136529637 0.5384874585193112 
0.25811606850340796 0.741704722069009 0.7203816845999684 0.6270669317191269 0.6219854910077645 
0.4137605065182103 0.9137484996835797 0.5737557439890636 0.47709117733744 0.7817357880050951 
0.9014660625336454 0.5367343578364923 0.33475033689700107 0.940537869157066 0.5787278876843293 
0.8589533898120283 0.49179450334259167 0.5505849354924831 0.7690027232196859 0.12554900453230444 
0.4800997415155711 0.7734853817187173 0.246992461687619 0.28428189746749377 0.4739235727669374 
0.7622721129335593 0.6505033374625117 0.7195332642504086 0.926685337076886 0.6186978917989288 
0.10999601251716529 0.940898973996305 0.11214746189058966 0.5787305407645761 0.031025876374573214 
0.7241813456736393 0.30452507726270717 0.9422700498080698 0.22748013344843976 0.12558480100592084 
0.047872020339577825 0.924241641489946 0.5224633349726294 0.7791807215851687 0.33716130241544817 
0.1716026760386885 0.008878484606863246 0.28321360148999153 0.561798641661038 0.16443309517960292 
0.39319636386224555 0.2825790383359743 0.7468779639823758 0.09916273410308407 0.23360048105292097 
0.0628115482327134 0.9683077241158226 0.13812105768042393 0.42764092309562507 0.08517827760938834 
0.8150080785246591 0.10197811376729815 0.004725595007761596 0.9129823295144116 0.42469796836993556 
0.7802778954423919 0.13522212071665818 0.405937175137438 0.929362872759698 0.040148608747164416 
0.2806397495201981 0.8924817362635732 0.11231304992167224 0.8244066008703649 0.5783055810462983 
0.2691631580687156 0.700813593092137 0.9476541509318055 0.8791444650374484 0.6217223554037801 
0.9965866266813534 0.3226032942561926 0.33861772128899037 0.014275155819777896 0.48105764226766956 
0.8787417834577648 0.0985708545787225 0.5509896813867025 0.6230371226829884 0.9715888644433407 
0.3916858717313272 0.6789183598452976 0.3635997707358778 0.523172396846258 0.35042892780832136 
0.971150931825279 0.6562434048069465 0.48299111702585795 0.9088297447735264 0.30621236911535155 
0.9999801120160856 0.4536086286703477 0.44812391972773946 0.44263779726185526 0.11883277114123059 
0.4861588324111352 0.2562354190329068 0.47691386379029643 0.8132798418065327 0.11842510742671619 
0.4462707822862739 0.5684843588313435 0.5375122859040457 0.7017884543477811 0.7106431127919548 
0.6172750725182614 0.44093606386633255 0.9432223144189703 0.17513802563840908 0.28720138150243546 
0.45317485720351425 0.3746453849427678 0.6611799502830632 0.8833792429009334 0.48889691847736017 
0.1543253411847021 0.8647521740073475 0.11126838802028183 0.0021113235252304685 0.20366055461510646 
0.3168690025331158 0.6727345072125362 0.9291483451521783 0.18754863000872324 0.5031942985544414 
0.9870245200679959 0.5253596397496993 0.25768378852479223 0.18934578390825474 0.06390727096129112 
0.7226436667585003 0.7955082954296624 0.8236193483215101 0.7017397184302657 0.41322265955835225 
0.6151751669154996 0.870313687247684 0.7349763152125843 0.4996672553629481 0.21676291311666862 
0.06453025573585802 0.013647251028171437 0.6419855230737987 0.7161155805348007 0.8732692630553608 
0.16158907553925683 0.37966345441518035 0.02006411325308821 0.8978374557885951 0.9307188896404963 
0.7098639752296512 0.664417879736065 0.5590288926936544 0.1454011469572093 0.2625622187408272 
0.48699848320204775 0.16923531108833256 0.8139640696544319 0.9292150036951925 0.9691196619636212 
0.4145878132018911 0.9736803212495458 0.17363250540327568 0.6463016323030717 0.34542684931065715 
0.2310342666057389 0.2820409206845499 0.46263902917011224 0.2048432001460525 0.7608565264124145 
0.49389472044054805 0.3231260651356992 0.8127276272426263 0.7359136332786234 0.295817927298354 
0.3843746653414307 0.7667119457475835 0.7727987287566095 0.15812354510996274 0.8165437235498091 
0.42158049302113165 4.7745150035427564E-4 0.6466810670385088 0.8679314539194557 0.46517492065396404 
0.7846000854417048 0.15247234978926982 0.06856473203990776 0.9215120831161187 0.973699583961912 
0.4469958993388987 0.3202525904172061 0.5807786620728033 0.7726528326598799 0.8937504521117273 
0.4379535718415397 0.1810625648871872 0.9942898021968627 0.4243490009183304 0.4309399390078552 
0.14812592645482325 0.4917937725631131 0.3223843455274227 0.4421237489404961 0.3372197071337213 
0.03254292855838503 0.4489879908769855 0.800043551129318 0.014886071799232847 0.7383020006130931 
0.7910944007374657 0.0803923974398203 0.2688885734002354 0.487180273445875 0.11674258384565672 
0.422601536092311 0.1408569834383414 0.3495296842934652 0.08131809913813226 0.6018759952339928 
0.03892815142508277 0.21296532797279633 0.3444577917921334 0.518211984044558 0.4066092774069128 
0.24094772112827179 0.129411054852424 0.8313083875661362 0.19928626564828011 0.7048744689986836 
0.18497062233181838 0.4439174383750487 0.4512443238897571 0.03138682617588673 0.2946571601576079 
0.41606249658329897 0.10376351247188564 0.6146039587141319 0.318661505905652 0.6786839978906309 
0.3087974283500887 0.05725603340449603 0.25111911833677925 0.6076568305092694 0.6229382878950036 
0.02519498662889985 0.9286116134079081 0.11775574701452096 0.8628171689397636 0.8265192579759677 
0.8353603485857242 0.4410281481982409 0.9057833715453699 0.15955725384099695 0.9163974679902935 
0.16516590143501764 0.3886522054421836 0.213211404655269 0.4320701006978327 0.42485151934864707 
0.08250580145346575 0.4486730038990733 0.6655539306685284 0.362685956049871 0.702976968130914 
0.943275511287877 0.7296221755624698 0.10618886046900622 0.05314115179162582 0.13526229070862839 
0.8097369113037747 0.5434941257770438 0.690087325727963 0.17250163025138066 0.927599409574522 
0.12274747744773762 0.7564333742293807 0.8386910525182282 0.7126170857507654 0.7488442245162852 
0.22449746948141647 0.20734924229752338 0.728314430749235 0.6060297171705312 0.5635316355024674 
0.7569030879100521 0.6165358142828128 0.3960163100851577 0.7593694776248269 0.6694341366588825 
0.6943585093639338 0.048654834354137755 0.6910351851868763 0.43115713775251063 0.6669544005245124 
0.435830232963357 0.1003063278514712 0.6544610526475373 0.8042091822840949 0.9991346454267396 
0.7779177831329164 0.24935044471073642 0.26972822127844986 0.48800360293347955 0.13404039576058246 
0.6863834711053343 0.28792854085058606 0.19738396386506096 0.020862504483830868 0.11371001662443136 
0.4882367249156977 0.1926350506817569 0.5315477524232539 0.5175716497674283 0.07498282423264113 
0.014247142949215807 0.512538757207748 0.9486327641831973 0.4374006275507297 0.2660943655021385 
0.6951203064757003 0.07577014933767667 0.43621505166119356 0.30832198111577547 0.677352248111113 
0.9744558360663794 0.8816176250455084 0.9996004979259476 0.4689265732741539 0.10862627961369042 
0.6520015515139713 0.06336229351831124 0.9491993075792933 0.9229383443292928 0.49364774889769547 
0.18876894136527045 0.3825924683185672 0.32657052619560467 0.7886240238094314 0.41954030811834664 
0.08575706152114027 0.6202358553569252 0.48147969150832237 0.732409503944043 0.4473334364706226 
0.09483029025882717 0.9148879866303548 0.9618501377619095 0.763840257266175 0.6131487274082761 
0.5402094300495464 0.3888558132416414 0.7741690385017383 0.9753581583870168 0.3410192057812764 
0.37893370263145776 0.350356403254533 0.7644256328195242 0.3359621242505416 0.42810790039906854 
0.5337513437494734 0.6694560572972926 0.711869084860444 0.8556101533626906 0.993390319840977 
0.9929035023513758 0.9788889227959541 0.1680689008387377 0.027338287670927164 0.16187630928825347 
0.036460533094089476 0.8123902958758912 0.4279490532479605 0.5842652371993643 0.19226955679742375 
0.6331573745101384 0.888443380324435 0.1171811295073173 0.9859052359596463 0.8552570160572472 
0.14089916641045974 0.7481961951844577 0.1347523028785378 0.823576230758321 0.6846928575129319 
0.8291416032197062 0.041723972605565485 0.048993123383409 0.7896266807447264 0.3477209382037745 
0.08276217198197544 0.33351973837574356 0.43942166807086713 0.2739575426145555 0.3266007635333309 
1 50 5
0.4244022348763421 0.07291777624659246 0.3678107521602084 0.13640950188769696 0.05226111051957538 
0.04871664780023832 0.04249138326676205 0.6576369297555791 0.1331502310936783 0.34470998725388 
0.5536963774886403 0.7681157303772166 0.7749819335713602 0.5613597144109356 0.7066708041597163 
0.576306459906022 0.3013471404042698 0.42433320336726066 0.8677484879942473 0.8027628831114337 
0.8718946796850496 0.5329937316977678 0.6289881286594996 0.4726939344375817 0.09696290994257128 
0.7910168956448238 0.33871971121932876 0.26008800891399353 0.06678203216288758 0.6682117923430708 
0.7918555504373704 0.6036700079069182 0.31419873490312467 0.2990698287204415 0.8005768878794957 
0.024530807939661337 0.23475722901439056 0.43626096661118985 0.19901593998409361 0.04108965148948074 
0.3991037319254619 0.4462412135485557 0.0748102521306826 0.699120275723335 0.010064491417379973 
0.8593311658577453 0.6659146649063544 0.012891771094161952 0.48037957146816157 0.468070558922438 
0.41281338753081764 0.5480453455949809 0.7369582571535539 0.6053488090069378 0.1142830584459088 
0.9676488390971381 0.39365432994047755 0.027757574269612117 0.9991152129453084 0.609940912697827 
0.3769419899113412 0.779805752293559 0.7967142856937924 0.06959710523100904 0.9375068558875689 
0.5210833160406466 0.5662453308766012 0.3139204179561864 0.23564830764954747 0.06115545130894151 
0.12701331437152064 0.081179311896315 0.8495229482506507 0.2659137886339781 0.42201376149897374 
0.1803863230761782 0.622641461684858 0.07430694230738322 0.04210204512540572 0.8401307998065074 
0.24066424611732584 0.0958174827456153 0.4399868195619091 0.4386496325739775 0.8074233211008416 
0.14674855965821687 0.0712607941158625 0.7881401767248112 0.47623180598625037 0.12732777151374142 
0.8139395539461858 0.6433896523538323 0.8849243337257728 0.8418320136529637 0.5384874585193112 
0.25811606850340796 0.741704722069009 0.7203816845999684 0.6270669317191269 0.6219854910077645 
0.4137605065182103 0.9137484996835797 0.5737557439890636 0.47709117733744 0.7817357880050951 
0.9014660625336454 0.5367343578364923 0.33475033689700107 0.940537869157066 0.5787278876843293 
0.8589533898120283 0.49179450334259167 0.5505849354924831 0.7690027232196859 0.12554900453230444 
0.4800997415155711 0.7734853817187173 0.246992461687619 0.28428189746749377 0.4739235727669374 
0.7622721129335593 0.6505033374625117 0.7195332642504086 0.926685337076886 0.6186978917989288 
0.10999601251716529 0.940898973996305 0.11214746189058966 0.5787305407645761 0.031025876374573214 
0.7241813456736393 0.30452507726270717 0.9422700498080698 0.22748013344843976 0.12558480100592084 
0.047872020339577825 0.924241641489946 0.5224633349726294 0.7791807215851687 0.33716130241544817 
0.1716026760386885 0.008878484606863246 0.28321360148999153 0.561798641661038 0.16443309517960292 
0.39319636386224555 0.2825790383359743 0.7468779639823758 0.09916273410308407 0.23360048105292097 
0.0628115482327134 0.9683077241158226 0.13812105768042393 0.42764092309562507 0.08517827760938834 
0.8150080785246591 0.10197811376729815 0.004725595007761596 0.9129823295144116 0.42469796836993556 
0.7802778954423919 0.13522212071665818 0.405937175137438 0.929362872759698 0.040148608747164416 
0.2806397495201981 0.8924817362635732 0.11231304992167224 0.8244066008703649 0.5783055810462983 
0.2691631580687156 0.700813593092137 0.9476541509318055 0.8791444650374484 0.6217223554037801 
0.9965866266813534 0.3226032942561926 0.33861772128899037 0.014275155819777896 0.48105764226766956 
0.8787417834577648 0.0985708545787225 0.5509896813867025 0.6230371226829884 0.9715888644433407 
0.3916858717313272 0.6789183598452976 0.3635997707358778 0.523172396846258 0.35042892780832136 
0.971150931825279 0.6562434048069465 0.48299111702585795 0.9088297447735264 0.30621236911535155 
0.9999801120160856 0.4536086286703477 0.44812391972773946 0.44263779726185526 0.11883277114123059 
0.4861588324111352 0.2562354190329068 0.47691386379029643 0.8132798418065327 0.11842510742671619 
0.4462707822862739 0.5684843588313435 0.5375122859040457 0.7017884543477811 0.7106431127919548 
0.6172750725182614 0.44093606386633255 0.9432223144189703 0.17513802563840908 0.28720138150243546 
0.45317485720351425 0.3746453849427678 0.6611799502830632 0.8833792429009334 0.48889691847736017 
0.1543253411847021 0.8647521740073475 0.11126838802028183 0.0021113235252304685 0.20366055461510646 
0.3168690025331158 0.6727345072125362 0.9291483451521783 0.18754863000872324 0.5031942985544414 
0.9870245200679959 0.5253596397496993 0.25768378852479223 0.18934578390825474 0.06390727096129112 
0.7226436667585003 0.7955082954296624 0.8236193483215101 0.7017397184302657 0.41322265955835225 
0.6151751669154996 0.870313687247684 0.7349763152125843 0.4996672553629481 0.21676291311666862 
0.06453025573585802 0.013647251028171437 0.6419855230737987 0.7161155805348007 0.8732692630553608 
2 25 5
0.4244022348763421 0.07291777624659246 0.3678107521602084 0.13640950188769696 0.05226111051957538 
0.04871664780023832 0.04249138326676205 0.6576369297555791 0.1331502310936783 0.34470998725388 
0.5536963774886403 0.7681157303772166 0.7749819335713602 0.5613597144109356 0.7066708041597163 
0.576306459906022 0.3013471404042698 0.42433320336726066 0.8677484879942473 0.8027628831114337 
0.8718946796850496 0.5329937316977678 0.6289881286594996 0.4726939344375817 0.09696290994257128 
0.7910168956448238 0.33871971121932876 0.26008800891399353 0.06678203216288758 0.6682117923430708 
0.7918555504373704 0.6036700079069182 0.31419873490312467 0.2990698287204415 0.8005768878794957 
0.024530807939661337 0.23475722901439056 0.43626096661118985 0.19901593998409361 0.04108965148948074 
0.3991037319254619 0.4462412135485557 0.0748102521306826 0.699120275723335 0.010064491417379973 
0.8593311658577453 0.6659146649063544 0.012891771094161952 0.48037957146816157 0.468070558922438 
0.41281338753081764 0.5480453455949809 0.7369582571535539 0.6053488090069378 0.1142830584459088 
0.9676488390971381 0.39365432994047755 0.027757574269612117 0.9991152129453084 0.609940912697827 
0.3769419899113412 0.779805752293559 0.7967142856937924 0.06959710523100904 0.9375068558875689 
0.5210833160406466 0.5662453308766012 0.3139204179561864 0.23564830764954747 0.06115545130894151 
0.12701331437152064 0.081179311896315 0.8495229482506507 0.2659137886339781 0.42201376149897374 
0.1803863230761782 0.622641461684858 0.07430694230738322 0.04210204512540572 0.8401307998065074 
0.24066424611732584 0.0958174827456153 0.4399868195619091 0.4386496325739775 0.8074233211008416 
0.14674855965821687 0.0712607941158625 0.7881401767248112 0.47623180598625037 0.12732777151374142 
0.8139395539461858 0.6433896523538323 0.8849243337257728 0.8418320136529637 0.5384874585193112 
0.25811606850340796 0.741704722069009 0.7203816845999684 0.6270669317191269 0.6219854910077645 
0.4137605065182103 0.9137484996835797 0.5737557439890636 0.47709117733744 0.7817357880050951 
0.9014660625336454 0.5367343578364923 0.33475033689700107 0.940537869157066 0.5787278876843293 
0.8589533898120283 0.49179450334259167 0.5505849354924831 0.7690027232196859 0.12554900453230444 
0.4800997415155711 0.7734853817187173 0.246992461687619 0.28428189746749377 0.4739235727669374 
0.7622721129335593 0.6505033374625117 0.7195332642504086 0.926685337076886 0.6186978917989288 
3 12 5
0.4244022348763421 0.07291777624659246 0.3678107521602084 0.13640950188769696 0.05226111051957538 
0.04871664780023832 0.04249138326676205 0.6576369297555791 0.1331502310936783 0.34470998725388 
0.5536963774886403 0.7681157303772166 0.7749819335713602 0.5613597144109356 0.7066708041597163 
0.576306459906022 0.3013471404042698 0.42433320336726066 0.8677484879942473 0.8027628831114337 
0.8718946796850496 0.5329937316977678 0.6289881286594996 0.4726939344375817 0.09696290994257128 
0.7910168956448238 0.33871971121932876 0.26008800891399353 0.06678203216288758 0.6682117923430708 
0.7918555504373704 0.6036700079069182 0.31419873490312467 0.2990698287204415 0.8005768878794957 
0.024530807939661337 0.23475722901439056 0.43626096661118985 0.19901593998409361 0.04108965148948074 
0.3991037319254619 0.4462412135485557 0.0748102521306826 0.699120275723335 0.010064491417379973 
0.8593311658577453 0.6659146649063544 0.012891771094161952 0.48037957146816157 0.468070558922438 
0.41281338753081764 0.5480453455949809 0.7369582571535539 0.6053488090069378 0.1142830584459088 
0.9676488390971381 0.39365432994047755 0.027757574269612117 0.9991152129453084 0.609940912697827 
4 6 5
0.4244022348763421 0.07291777624659246 0.3678107521602084 0.13640950188769696 0.05226111051957538 
0.04871664780023832 0.04249138326676205 0.6576369297555791 0.1331502310936783 0.34470998725388 
0.5536963774886403 0.7681157303772166 0.7749819335713602 0.5613597144109356 0.7066708041597163 
0.576306459906022 0.3013471404042698 0.42433320336726066 0.8677484879942473 0.8027628831114337 
0.8718946796850496 0.5329937316977678 0.6289881286594996 0.4726939344375817 0.09696290994257128 
0.7910168956448238 0.33871971121932876 0.26008800891399353 0.06678203216288758 0.6682117923430708 
5 3 5
0.4244022348763421 0.07291777624659246 0.3678107521602084 0.13640950188769696 0.05226111051957538 
0.04871664780023832 0.04249138326676205 0.6576369297555791 0.1331502310936783 0.34470998725388 
0.5536963774886403 0.7681157303772166 0.7749819335713602 0.5613597144109356 0.7066708041597163 
6 2 5
0.8718946796850496 0.5329937316977678 0.6289881286594996 0.4726939344375817 0.09696290994257128 
0.7910168956448238 0.33871971121932876 0.26008800891399353 0.06678203216288758 0.6682117923430708 
7 5 5
0.024530807939661337 0.23475722901439056 0.43626096661118985 0.19901593998409361 0.04108965148948074 
0.3991037319254619 0.4462412135485557 0.0748102521306826 0.699120275723335 0.010064491417379973 
0.8593311658577453 0.6659146649063544 0.012891771094161952 0.48037957146816157 0.468070558922438 
0.41281338753081764 0.5480453455949809 0.7369582571535539 0.6053488090069378 0.1142830584459088 
0.9676488390971381 0.39365432994047755 0.027757574269612117 0.9991152129453084 0.609940912697827 
8 2 5
0.024530807939661337 0.23475722901439056 0.43626096661118985 0.19901593998409361 0.04108965148948074 
0.3991037319254619 0.4462412135485557 0.0748102521306826 0.699120275723335 0.010064491417379973 
9 2 5
0.41281338753081764 0.5480453455949809 0.7369582571535539 0.6053488090069378 0.1142830584459088 
0.9676488390971381 0.39365432994047755 0.027757574269612117 0.9991152129453084 0.609940912697827 
10 12 5
0.5210833160406466 0.5662453308766012 0.3139204179561864 0.23564830764954747 0.06115545130894151 
0.12701331437152064 0.081179311896315 0.8495229482506507 0.2659137886339781 0.42201376149897374 
0.1803863230761782 0.622641461684858 0.07430694230738322 0.04210204512540572 0.8401307998065074 
0.24066424611732584 0.0958174827456153 0.4399868195619091 0.4386496325739775 0.8074233211008416 
0.14674855965821687 0.0712607941158625 0.7881401767248112 0.47623180598625037 0.12732777151374142 
0.8139395539461858 0.6433896523538323 0.8849243337257728 0.8418320136529637 0.5384874585193112 
0.25811606850340796 0.741704722069009 0.7203816845999684 0.6270669317191269 0.6219854910077645 
0.4137605065182103 0.9137484996835797 0.5737557439890636 0.47709117733744 0.7817357880050951 
0.9014660625336454 0.5367343578364923 0.33475033689700107 0.940537869157066 0.5787278876843293 
0.8589533898120283 0.49179450334259167 0.5505849354924831 0.7690027232196859 0.12554900453230444 
0.4800997415155711 0.7734853817187173 0.246992461687619 0.28428189746749377 0.4739235727669374 
0.7622721129335593 0.6505033374625117 0.7195332642504086 0.926685337076886 0.6186978917989288 
11 6 5
0.5210833160406466 0.5662453308766012 0.3139204179561864 0.23564830764954747 0.06115545130894151 
0.12701331437152064 0.081179311896315 0.8495229482506507 0.2659137886339781 0.42201376149897374 
0.1803863230761782 0.622641461684858 0.07430694230738322 0.04210204512540572 0.8401307998065074 
0.24066424611732584 0.0958174827456153 0.4399868195619091 0.4386496325739775 0.8074233211008416 
0.14674855965821687 0.0712607941158625 0.7881401767248112 0.47623180598625037 0.12732777151374142 
0.8139395539461858 0.6433896523538323 0.8849243337257728 0.8418320136529637 0.5384874585193112 
12 3 5
0.5210833160406466 0.5662453308766012 0.3139204179561864 0.23564830764954747 0.06115545130894151 
0.12701331437152064 0.081179311896315 0.8495229482506507 0.2659137886339781 0.42201376149897374 
0.1803863230761782 0.622641461684858 0.07430694230738322 0.04210204512540572 0.8401307998065074 
13 2 5
0.14674855965821687 0.0712607941158625 0.7881401767248112 0.47623180598625037 0.12732777151374142 
0.8139395539461858 0.6433896523538323 0.8849243337257728 0.8418320136529637 0.5384874585193112 
14 5 5
0.4137605065182103 0.9137484996835797 0.5737557439890636 0.47709117733744 0.7817357880050951 
0.9014660625336454 0.5367343578364923 0.33475033689700107 0.940537869157066 0.5787278876843293 
0.8589533898120283 0.49179450334259167 0.5505849354924831 0.7690027232196859 0.12554900453230444 
0.4800997415155711 0.7734853817187173 0.246992461687619 0.28428189746749377 0.4739235727669374 
0.7622721129335593 0.6505033374625117 0.7195332642504086 0.926685337076886 0.6186978917989288 
15 2 5
0.4137605065182103 0.9137484996835797 0.5737557439890636 0.47709117733744 0.7817357880050951 
0.9014660625336454 0.5367343578364923 0.33475033689700107 0.940537869157066 0.5787278876843293 
16 2 5
0.4800997415155711 0.7734853817187173 0.246992461687619 0.28428189746749377 0.4739235727669374 
0.7622721129335593 0.6505033374625117 0.7195332642504086 0.926685337076886 0.6186978917989288 
17 24 5
0.7241813456736393 0.30452507726270717 0.9422700498080698 0.22748013344843976 0.12558480100592084 
0.047872020339577825 0.924241641489946 0.5224633349726294 0.7791807215851687 0.33716130241544817 
0.1716026760386885 0.008878484606863246 0.28321360148999153 0.561798641661038 0.16443309517960292 
0.39319636386224555 0.2825790383359743 0.7468779639823758 0.09916273410308407 0.23360048105292097 
0.0628115482327134 0.9683077241158226 0.13812105768042393 0.42764092309562507 0.08517827760938834 
0.8150080785246591 0.10197811376729815 0.004725595007761596 0.9129823295144116 0.42469796836993556 
0.7802778954423919 0.13522212071665818 0.405937175137438 0.929362872759698 0.040148608747164416 
0.2806397495201981 0.8924817362635732 0.11231304992167224 0.8244066008703649 0.5783055810462983 
0.2691631580687156 0.700813593092137 0.9476541509318055 0.8791444650374484 0.6217223554037801 
0.9965866266813534 0.3226032942561926 0.33861772128899037 0.014275155819777896 0.48105764226766956 
0.8787417834577648 0.0985708545787225 0.5509896813867025 0.6230371226829884 0.9715888644433407 
0.3916858717313272 0.6789183598452976 0.3635997707358778 0.523172396846258 0.35042892780832136 
0.971150931825279 0.6562434048069465 0.48299111702585795 0.9088297447735264 0.30621236911535155 
0.9999801120160856 0.4536086286703477 0.44812391972773946 0.44263779726185526 0.11883277114123059 
0.4861588324111352 0.2562354190329068 0.47691386379029643 0.8132798418065327 0.11842510742671619 
0.4462707822862739 0.5684843588313435 0.5375122859040457 0.7017884543477811 0.7106431127919548 
0.6172750725182614 0.44093606386633255 0.9432223144189703 0.17513802563840908 0.28720138150243546 
0.45317485720351425 0.3746453849427678 0.6611799502830632 0.8833792429009334 0.48889691847736017 
0.1543253411847021 0.8647521740073475 0.11126838802028183 0.0021113235252304685 0.20366055461510646 
0.3168690025331158 0.6727345072125362 0.9291483451521783 0.18754863000872324 0.5031942985544414 
0.9870245200679959 0.5253596397496993 0.25768378852479223 0.18934578390825474 0.06390727096129112 
0.7226436667585003 0.7955082954296624 0.8236193483215101 0.7017397184302657 0.41322265955835225 
0.6151751669154996 0.870313687247684 0.7349763152125843 0.4996672553629481 0.21676291311666862 
0.06453025573585802 0.013647251028171437 0.6419855230737987 0.7161155805348007 0.8732692630553608 
18 12 5
0.7241813456736393 0.30452507726270717 0.9422700498080698 0.22748013344843976 0.12558480100592084 
0.047872020339577825 0.924241641489946 0.5224633349726294 0.7791807215851687 0.33716130241544817 
0.1716026760386885 0.008878484606863246 0.28321360148999153 0.561798641661038 0.16443309517960292 
0.39319636386224555 0.2825790383359743 0.7468779639823758 0.09916273410308407 0.23360048105292097 
0.0628115482327134 0.9683077241158226 0.13812105768042393 0.42764092309562507 0.08517827760938834 
0.8150080785246591 0.10197811376729815 0.004725595007761596 0.9129823295144116 0.42469796836993556 
0.7802778954423919 0.13522212071665818 0.405937175137438 0.929362872759698 0.040148608747164416 
0.2806397495201981 0.8924817362635732 0.11231304992167224 0.8244066008703649 0.5783055810462983 
0.2691631580687156 0.700813593092137 0.9476541509318055 0.8791444650374484 0.6217223554037801 
0.9965866266813534 0.3226032942561926 0.33861772128899037 0.014275155819777896 0.48105764226766956 
0.8787417834577648 0.0985708545787225 0.5509896813867025 0.6230371226829884 0.9715888644433407 
0.3916858717313272 0.6789183598452976 0.3635997707358778 0.523172396846258 0.35042892780832136 
19 6 5
0.7241813456736393 0.30452507726270717 0.9422700498080698 0.22748013344843976 0.12558480100592084 
0.047872020339577825 0.924241641489946 0.5224633349726294 0.7791807215851687 0.33716130241544817 
0.1716026760386885 0.008878484606863246 0.28321360148999153 0.561798641661038 0.16443309517960292 
0.39319636386224555 0.2825790383359743 0.7468779639823758 0.09916273410308407 0.23360048105292097 
0.0628115482327134 0.9683077241158226 0.13812105768042393 0.42764092309562507 0.08517827760938834 
0.8150080785246591 0.10197811376729815 0.004725595007761596 0.9129823295144116 0.42469796836993556 
20 3 5
0.7241813456736393 0.30452507726270717 0.9422700498080698 0.22748013344843976 0.12558480100592084 
0.047872020339577825 0.924241641489946 0.5224633349726294 0.7791807215851687 0.33716130241544817 
0.1716026760386885 0.008878484606863246 0.28321360148999153 0.561798641661038 0.16443309517960292 
21 2 5
0.0628115482327134 0.9683077241158226 0.13812105768042393 0.42764092309562507 0.08517827760938834 
0.8150080785246591 0.10197811376729815 0.004725595007761596 0.9129823295144116 0.42469796836993556 
22 5 5
0.2806397495201981 0.8924817362635732 0.11231304992167224 0.8244066008703649 0.5783055810462983 
0.2691631580687156 0.700813593092137 0.9476541509318055 0.8791444650374484 0.6217223554037801 
0.9965866266813534 0.3226032942561926 0.33861772128899037 0.014275155819777896 0.48105764226766956 
0.8787417834577648 0.0985708545787225 0.5509896813867025 0.6230371226829884 0.9715888644433407 
0.3916858717313272 0.6789183598452976 0.3635997707358778 0.523172396846258 0.35042892780832136 
23 2 5
0.2806397495201981 0.8924817362635732 0.11231304992167224 0.8244066008703649 0.5783055810462983 
0.2691631580687156 0.700813593092137 0.9476541509318055 0.8791444650374484 0.6217223554037801 
24 2 5
0.8787417834577648 0.0985708545787225 0.5509896813867025 0.6230371226829884 0.9715888644433407 
0.3916858717313272 0.6789183598452976 0.3635997707358778 0.523172396846258 0.35042892780832136 
25 11 5
0.9999801120160856 0.4536086286703477 0.44812391972773946 0.44263779726185526 0.11883277114123059 
0.4861588324111352 0.2562354190329068 0.47691386379029643 0.8132798418065327 0.11842510742671619 
0.4462707822862739 0.5684843588313435 0.5375122859040457 0.7017884543477811 0.7106431127919548 
0.6172750725182614 0.44093606386633255 0.9432223144189703 0.17513802563840908 0.28720138150243546 
0.45317485720351425 0.3746453849427678 0.6611799502830632 0.8833792429009334 0.48889691847736017 
0.1543253411847021 0.8647521740073475 0.11126838802028183 0.0021113235252304685 0.20366055461510646 
0.3168690025331158 0.6727345072125362 0.9291483451521783 0.18754863000872324 0.5031942985544414 
0.9870245200679959 0.5253596397496993 0.25768378852479223 0.18934578390825474 0.06390727096129112 
0.7226436667585003 0.7955082954296624 0.8236193483215101 0.7017397184302657 0.41322265955835225 
0.6151751669154996 0.870313687247684 0.7349763152125843 0.4996672553629481 0.21676291311666862 
0.06453025573585802 0.013647251028171437 0.6419855230737987 0.7161155805348007 0.8732692630553608 
26 5 5
0.9999801120160856 0.4536086286703477 0.44812391972773946 0.44263779726185526 0.11883277114123059 
0.4861588324111352 0.2562354190329068 0.47691386379029643 0.8132798418065327 0.11842510742671619 
0.4462707822862739 0.5684843588313435 0.5375122859040457 0.7017884543477811 0.7106431127919548 
0.6172750725182614 0.44093606386633255 0.9432223144189703 0.17513802563840908 0.28720138150243546 
0.45317485720351425 0.3746453849427678 0.6611799502830632 0.8833792429009334 0.48889691847736017 
27 2 5
0.9999801120160856 0.4536086286703477 0.44812391972773946 0.44263779726185526 0.11883277114123059 
0.4861588324111352 0.2562354190329068 0.47691386379029643 0.8132798418065327 0.11842510742671619 
28 2 5
0.6172750725182614 0.44093606386633255 0.9432223144189703 0.17513802563840908 0.28720138150243546 
0.45317485720351425 0.3746453849427678 0.6611799502830632 0.8833792429009334 0.48889691847736017 
29 5 5
0.3168690025331158 0.6727345072125362 0.9291483451521783 0.18754863000872324 0.5031942985544414 
0.9870245200679959 0.5253596397496993 0.25768378852479223 0.18934578390825474 0.06390727096129112 
0.7226436667585003 0.7955082954296624 0.8236193483215101 0.7017397184302657 0.41322265955835225 
0.6151751669154996 0.870313687247684 0.7349763152125843 0.4996672553629481 0.21676291311666862 
0.06453025573585802 0.013647251028171437 0.6419855230737987 0.7161155805348007 0.8732692630553608 
30 2 5
0.3168690025331158 0.6727345072125362 0.9291483451521783 0.18754863000872324 0.5031942985544414 
0.9870245200679959 0.5253596397496993 0.25768378852479223 0.18934578390825474 0.06390727096129112 
31 2 5
0.6151751669154996 0.870313687247684 0.7349763152125843 0.4996672553629481 0.21676291311666862 
0.06453025573585802 0.013647251028171437 0.6419855230737987 0.7161155805348007 0.8732692630553608 
32 49 5
0.7098639752296512 0.664417879736065 0.5590288926936544 0.1454011469572093 0.2625622187408272 
0.48699848320204775 0.16923531108833256 0.8139640696544319 0.9292150036951925 0.9691196619636212 
0.4145878132018911 0.9736803212495458 0.17363250540327568 0.6463016323030717 0.34542684931065715 
0.2310342666057389 0.2820409206845499 0.46263902917011224 0.2048432001460525 0.7608565264124145 
0.49389472044054805 0.3231260651356992 0.8127276272426263 0.7359136332786234 0.295817927298354 
0.3843746653414307 0.7667119457475835 0.7727987287566095 0.15812354510996274 0.8165437235498091 
0.42158049302113165 4.7745150035427564E-4 0.6466810670385088 0.8679314539194557 0.46517492065396404 
0.7846000854417048 0.15247234978926982 0.06856473203990776 0.9215120831161187 0.973699583961912 
0.4469958993388987 0.3202525904172061 0.5807786620728033 0.7726528326598799 0.8937504521117273 
0.4379535718415397 0.1810625648871872 0.9942898021968627 0.4243490009183304 0.4309399390078552 
0.14812592645482325 0.4917937725631131 0.3223843455274227 0.4421237489404961 0.3372197071337213 
0.03254292855838503 0.4489879908769855 0.800043551129318 0.014886071799232847 0.7383020006130931 
0.7910944007374657 0.0803923974398203 0.2688885734002354 0.487180273445875 0.11674258384565672 
0.422601536092311 0.1408569834383414 0.3495296842934652 0.08131809913813226 0.6018759952339928 
0.03892815142508277 0.21296532797279633 0.3444577917921334 0.518211984044558 0.4066092774069128 
0.24094772112827179 0.129411054852424 0.8313083875661362 0.19928626564828011 0.7048744689986836 
0.18497062233181838 0.4439174383750487 0.4512443238897571 0.03138682617588673 0.2946571601576079 
0.41606249658329897 0.10376351247188564 0.6146039587141319 0.318661505905652 0.6786839978906309 
0.3087974283500887 0.05725603340449603 0.25111911833677925 0.6076568305092694 0.6229382878950036 
0.02519498662889985 0.9286116134079081 0.11775574701452096 0.8628171689397636 0.8265192579759677 
0.8353603485857242 0.4410281481982409 0.9057833715453699 0.15955725384099695 0.9163974679902935 
0.16516590143501764 0.3886522054421836 0.213211404655269 0.4320701006978327 0.42485151934864707 
0.08250580145346575 0.4486730038990733 0.6655539306685284 0.362685956049871 0.702976968130914 
0.943275511287877 0.7296221755624698 0.10618886046900622 0.05314115179162582 0.13526229070862839 
0.8097369113037747 0.5434941257770438 0.690087325727963 0.17250163025138066 0.927599409574522 
0.12274747744773762 0.7564333742293807 0.8386910525182282 0.7126170857507654 0.7488442245162852 
0.22449746948141647 0.20734924229752338 0.728314430749235 0.6060297171705312 0.5635316355024674 
0.7569030879100521 0.6165358142828128 0.3960163100851577 0.7593694776248269 0.6694341366588825 
0.6943585093639338 0.048654834354137755 0.6910351851868763 0.43115713775251063 0.6669544005245124 
0.435830232963357 0.1003063278514712 0.6544610526475373 0.8042091822840949 0.9991346454267396 
0.7779177831329164 0.24935044471073642 0.26972822127844986 0.48800360293347955 0.13404039576058246 
0.6863834711053343 0.28792854085058606 0.19738396386506096 0.020862504483830868 0.11371001662443136 
0.4882367249156977 0.1926350506817569 0.5315477524232539 0.5175716497674283 0.07498282423264113 
0.014247142949215807 0.512538757207748 0.9486327641831973 0.4374006275507297 0.2660943655021385 
0.6951203064757003 0.07577014933767667 0.43621505166119356 0.30832198111577547 0.677352248111113 
0.9744558360663794 0.8816176250455084 0.9996004979259476 0.4689265732741539 0.10862627961369042 
0.6520015515139713 0.06336229351831124 0.9491993075792933 0.9229383443292928 0.49364774889769547 
0.18876894136527045 0.3825924683185672 0.32657052619560467 0.7886240238094314 0.41954030811834664 
0.08575706152114027 0.6202358553569252 0.48147969150832237 0.732409503944043 0.4473334364706226 
0.09483029025882717 0.9148879866303548 0.9618501377619095 0.763840257266175 0.6131487274082761 
0.5402094300495464 0.3888558132416414 0.7741690385017383 0.9753581583870168 0.3410192057812764 
0.37893370263145776 0.350356403254533 0.7644256328195242 0.3359621242505416 0.42810790039906854 
0.5337513437494734 0.6694560572972926 0.711869084860444 0.8556101533626906 0.993390319840977 
0.9929035023513758 0.9788889227959541 0.1680689008387377 0.027338287670927164 0.16187630928825347 
0.036460533094089476 0.8123902958758912 0.4279490532479605 0.5842652371993643 0.19226955679742375 
0.6331573745101384 0.888443380324435 0.1171811295073173 0.9859052359596463 0.8552570160572472 
0.14089916641045974 0.7481961951844577 0.1347523028785378 0.823576230758321 0.6846928575129319 
0.8291416032197062 0.041723972605565485 0.048993123383409 0.7896266807447264 0.3477209382037745 
0.08276217198197544 0.33351973837574356 0.43942166807086713 0.2739575426145555 0.3266007635333309 
33 24 5
0.7098639752296512 0.664417879736065 0.5590288926936544 0.1454011469572093 0.2625622187408272 
0.48699848320204775 0.16923531108833256 0.8139640696544319 0.9292150036951925 0.9691196619636212 
0.4145878132018911 0.9736803212495458 0.17363250540327568 0.6463016323030717 0.34542684931065715 
0.2310342666057389 0.2820409206845499 0.46263902917011224 0.2048432001460525 0.7608565264124145 
0.49389472044054805 0.3231260651356992 0.8127276272426263 0.7359136332786234 0.295817927298354 
0.3843746653414307 0.7667119457475835 0.7727987287566095 0.15812354510996274 0.8165437235498091 
0.42158049302113165 4.7745150035427564E-4 0.6466810670385088 0.8679314539194557 0.46517492065396404 
0.7846000854417048 0.15247234978926982 0.06856473203990776 0.9215120831161187 0.973699583961912 
0.4469958993388987 0.3202525904172061 0.5807786620728033 0.7726528326598799 0.8937504521117273 
0.4379535718415397 0.1810625648871872 0.9942898021968627 0.4243490009183304 0.4309399390078552 
0.14812592645482325 0.4917937725631131 0.3223843455274227 0.4421237489404961 0.3372197071337213 
0.03254292855838503 0.4489879908769855 0.800043551129318 0.014886071799232847 0.7383020006130931 
0.7910944007374657 0.0803923974398203 0.2688885734002354 0.487180273445875 0.11674258384565672 
0.422601536092311 0.1408569834383414 0.3495296842934652 0.08131809913813226 0.6018759952339928 
0.03892815142508277 0.21296532797279633 0.3444577917921334 0.518211984044558 0.4066092774069128 
0.24094772112827179 0.129411054852424 0.8313083875661362 0.19928626564828011 0.7048744689986836 
0.18497062233181838 0.4439174383750487 0.4512443238897571 0.03138682617588673 0.2946571601576079 
0.41606249658329897 0.10376351247188564 0.6146039587141319 0.318661505905652 0.6786839978906309 
0.3087974283500887 0.05725603340449603 0.25111911833677925 0.6076568305092694 0.6229382878950036 
0.02519498662889985 0.9286116134079081 0.11775574701452096 0.8628171689397636 0.8265192579759677 
0.8353603485857242 0.4410281481982409 0.9057833715453699 0.15955725384099695 0.9163974679902935 
0.16516590143501764 0.3886522054421836 0.213211404655269 0.4320701006978327 0.42485151934864707 
0.08250580145346575 0.4486730038990733 0.6655539306685284 0.362685956049871 0.702976968130914 
0.943275511287877 0.7296221755624698 0.10618886046900622 0.05314115179162582 0.13526229070862839 
34 12 5
0.7098639752296512 0.664417879736065 0.5590288926936544 0.1454011469572093 0.2625622187408272 
0.48699848320204775 0.16923531108833256 0.8139640696544319 0.9292150036951925 0.9691196619636212 
0.4145878132018911 0.9736803212495458 0.17363250540327568 0.6463016323030717 0.34542684931065715 
0.2310342666057389 0.2820409206845499 0.46263902917011224 0.2048432001460525 0.7608565264124145 
0.49389472044054805 0.3231260651356992 0.8127276272426263 0.7359136332786234 0.295817927298354 
0.3843746653414307 0.7667119457475835 0.7727987287566095 0.15812354510996274 0.8165437235498091 
0.42158049302113165 4.7745150035427564E-4 0.6466810670385088 0.8679314539194557 0.46517492065396404 
0.7846000854417048 0.15247234978926982 0.06856473203990776 0.9215120831161187 0.973699583961912 
0.4469958993388987 0.3202525904172061 0.5807786620728033 0.7726528326598799 0.8937504521117273 
0.4379535718415397 0.1810625648871872 0.9942898021968627 0.4243490009183304 0.4309399390078552 
0.14812592645482325 0.4917937725631131 0.3223843455274227 0.4421237489404961 0.3372197071337213 
0.03254292855838503 0.4489879908769855 0.800043551129318 0.014886071799232847 0.7383020006130931 
35 6 5
0.7098639752296512 0.664417879736065 0.5590288926936544 0.1454011469572093 0.2625622187408272 
0.48699848320204775 0.16923531108833256 0.8139640696544319 0.9292150036951925 0.9691196619636212 
0.4145878132018911 0.9736803212495458 0.17363250540327568 0.6463016323030717 0.34542684931065715 
0.2310342666057389 0.2820409206845499 0.46263902917011224 0.2048432001460525 0.7608565264124145 
0.49389472044054805 0.3231260651356992 0.8127276272426263 0.7359136332786234 0.295817927298354 
0.3843746653414307 0.7667119457475835 0.7727987287566095 0.15812354510996274 0.8165437235498091 
36 3 5
0.7098639752296512 0.664417879736065 0.5590288926936544 0.1454011469572093 0.2625622187408272 
0.48699848320204775 0.16923531108833256 0.8139640696544319 0.9292150036951925 0.9691196619636212 
0.4145878132018911 0.9736803212495458 0.17363250540327568 0.6463016323030717 0.34542684931065715 
37 2 5
0.49389472044054805 0.3231260651356992 0.8127276272426263 0.7359136332786234 0.295817927298354 
0.3843746653414307 0.7667119457475835 0.7727987287566095 0.15812354510996274 0.8165437235498091 
38 5 5
0.7846000854417048 0.15247234978926982 0.06856473203990776 0.9215120831161187 0.973699583961912 
0.4469958993388987 0.3202525904172061 0.5807786620728033 0.7726528326598799 0.8937504521117273 
0.4379535718415397 0.1810625648871872 0.9942898021968627 0.4243490009183304 0.4309399390078552 
0.14812592645482325 0.4917937725631131 0.3223843455274227 0.4421237489404961 0.3372197071337213 
0.03254292855838503 0.4489879908769855 0.800043551129318 0.014886071799232847 0.7383020006130931 
39 2 5
0.7846000854417048 0.15247234978926982 0.06856473203990776 0.9215120831161187 0.973699583961912 
0.4469958993388987 0.3202525904172061 0.5807786620728033 0.7726528326598799 0.8937504521117273 
40 2 5
0.14812592645482325 0.4917937725631131 0.3223843455274227 0.4421237489404961 0.3372197071337213 
0.03254292855838503 0.4489879908769855 0.800043551129318 0.014886071799232847 0.7383020006130931 
41 11 5
0.422601536092311 0.1408569834383414 0.3495296842934652 0.08131809913813226 0.6018759952339928 
0.03892815142508277 0.21296532797279633 0.3444577917921334 0.518211984044558 0.4066092774069128 
0.24094772112827179 0.129411054852424 0.8313083875661362 0.19928626564828011 0.7048744689986836 
0.18497062233181838 0.4439174383750487 0.4512443238897571 0.03138682617588673 0.2946571601576079 
0.41606249658329897 0.10376351247188564 0.6146039587141319 0.318661505905652 0.6786839978906309 
0.3087974283500887 0.05725603340449603 0.25111911833677925 0.6076568305092694 0.6229382878950036 
0.02519498662889985 0.9286116134079081 0.11775574701452096 0.8628171689397636 0.8265192579759677 
0.8353603485857242 0.4410281481982409 0.9057833715453699 0.15955725384099695 0.9163974679902935 
0.16516590143501764 0.3886522054421836 0.213211404655269 0.4320701006978327 0.42485151934864707 
0.08250580145346575 0.4486730038990733 0.6655539306685284 0.362685956049871 0.702976968130914 
0.943275511287877 0.7296221755624698 0.10618886046900622 0.05314115179162582 0.13526229070862839 
42 5 5
0.422601536092311 0.1408569834383414 0.3495296842934652 0.08131809913813226 0.6018759952339928 
0.03892815142508277 0.21296532797279633 0.3444577917921334 0.518211984044558 0.4066092774069128 
0.24094772112827179 0.129411054852424 0.8313083875661362 0.19928626564828011 0.7048744689986836 
0.18497062233181838 0.4439174383750487 0.4512443238897571 0.03138682617588673 0.2946571601576079 
0.41606249658329897 0.10376351247188564 0.6146039587141319 0.318661505905652 0.6786839978906309 
43 2 5
0.422601536092311 0.1408569834383414 0.3495296842934652 0.08131809913813226 0.6018759952339928 
0.03892815142508277 0.21296532797279633 0.3444577917921334 0.518211984044558 0.4066092774069128 
44 2 5
0.18497062233181838 0.4439174383750487 0.4512443238897571 0.03138682617588673 0.2946571601576079 
0.41606249658329897 0.10376351247188564 0.6146039587141319 0.318661505905652 0.6786839978906309 
45 5 5
0.02519498662889985 0.9286116134079081 0.11775574701452096 0.8628171689397636 0.8265192579759677 
0.8353603485857242 0.4410281481982409 0.9057833715453699 0.15955725384099695 0.9163974679902935 
0.16516590143501764 0.3886522054421836 0.213211404655269 0.4320701006978327 0.42485151934864707 
0.08250580145346575 0.4486730038990733 0.6655539306685284 0.362685956049871 0.702976968130914 
0.943275511287877 0.7296221755624698 0.10618886046900622 0.05314115179162582 0.13526229070862839 
46 2 5
0.02519498662889985 0.9286116134079081 0.11775574701452096 0.8628171689397636 0.8265192579759677 
0.8353603485857242 0.4410281481982409 0.9057833715453699 0.15955725384099695 0.9163974679902935 
47 2 5
0.08250580145346575 0.4486730038990733 0.6655539306685284 0.362685956049871 0.702976968130914 
0.943275511287877 0.7296221755624698 0.10618886046900622 0.05314115179162582 0.13526229070862839 
48 24 5
0.12274747744773762 0.7564333742293807 0.8386910525182282 0.7126170857507654 0.7488442245162852 
0.22449746948141647 0.20734924229752338 0.728314430749235 0.6060297171705312 0.5635316355024674 
0.7569030879100521 0.6165358142828128 0.3960163100851577 0.7593694776248269 0.6694341366588825 
0.6943585093639338 0.048654834354137755 0.6910351851868763 0.43115713775251063 0.6669544005245124 
0.435830232963357 0.1003063278514712 0.6544610526475373 0.8042091822840949 0.9991346454267396 
0.7779177831329164 0.24935044471073642 0.26972822127844986 0.48800360293347955 0.13404039576058246 
0.6863834711053343 0.28792854085058606 0.19738396386506096 0.020862504483830868 0.11371001662443136 
0.4882367249156977 0.1926350506817569 0.5315477524232539 0.5175716497674283 0.07498282423264113 
0.014247142949215807 0.512538757207748 0.9486327641831973 0.4374006275507297 0.2660943655021385 
0.6951203064757003 0.07577014933767667 0.43621505166119356 0.30832198111577547 0.677352248111113 
0.9744558360663794 0.8816176250455084 0.9996004979259476 0.4689265732741539 0.10862627961369042 
0.6520015515139713 0.06336229351831124 0.9491993075792933 0.9229383443292928 0.49364774889769547 
0.18876894136527045 0.3825924683185672 0.32657052619560467 0.7886240238094314 0.41954030811834664 
0.08575706152114027 0.6202358553569252 0.48147969150832237 0.732409503944043 0.4473334364706226 
0.09483029025882717 0.9148879866303548 0.9618501377619095 0.763840257266175 0.6131487274082761 
0.5402094300495464 0.3888558132416414 0.7741690385017383 0.9753581583870168 0.3410192057812764 
0.37893370263145776 0.350356403254533 0.7644256328195242 0.3359621242505416 0.42810790039906854 
0.5337513437494734 0.6694560572972926 0.711869084860444 0.8556101533626906 0.993390319840977 
0.9929035023513758 0.9788889227959541 0.1680689008387377 0.027338287670927164 0.16187630928825347 
0.036460533094089476 0.8123902958758912 0.4279490532479605 0.5842652371993643 0.19226955679742375 
0.6331573745101384 0.888443380324435 0.1171811295073173 0.9859052359596463 0.8552570160572472 
0.14089916641045974 0.7481961951844577 0.1347523028785378 0.823576230758321 0.6846928575129319 
0.8291416032197062 0.041723972605565485 0.048993123383409 0.7896266807447264 0.3477209382037745 
0.08276217198197544 0.33351973837574356 0.43942166807086713 0.2739575426145555 0.3266007635333309 
49 12 5
0.12274747744773762 0.7564333742293807 0.8386910525182282 0.7126170857507654 0.7488442245162852 
0.22449746948141647 0.20734924229752338 0.728314430749235 0.6060297171705312 0.5635316355024674 
0.7569030879100521 0.6165358142828128 0.3960163100851577 0.7593694776248269 0.6694341366588825 
0.6943585093639338 0.048654834354137755 0.6910351851868763 0.43115713775251063 0.6669544005245124 
0.435830232963357 0.1003063278514712 0.6544610526475373 0.8042091822840949 0.9991346454267396 
0.7779177831329164 0.24935044471073642 0.26972822127844986 0.48800360293347955 0.13404039576058246 
0.6863834711053343 0.28792854085058606 0.19738396386506096 0.020862504483830868 0.11371001662443136 
0.4882367249156977 0.1926350506817569 0.5315477524232539 0.5175716497674283 0.07498282423264113 
0.014247142949215807 0.512538757207748 0.9486327641831973 0.4374006275507297 0.2660943655021385 
0.6951203064757003 0.07577014933767667 0.43621505166119356 0.30832198111577547 0.677352248111113 
0.9744558360663794 0.8816176250455084 0.9996004979259476 0.4689265732741539 0.10862627961369042 
0.6520015515139713 0.06336229351831124 0.9491993075792933 0.9229383443292928 0.49364774889769547 
50 6 5
0.12274747744773762 0.7564333742293807 0.8386910525182282 0.7126170857507654 0.7488442245162852 
0.22449746948141647 0.20734924229752338 0.728314430749235 0.6060297171705312 0.5635316355024674 
0.7569030879100521 0.6165358142828128 0.3960163100851577 0.7593694776248269 0.6694341366588825 
0.6943585093639338 0.048654834354137755 0.6910351851868763 0.43115713775251063 0.6669544005245124 
0.435830232963357 0.1003063278514712 0.6544610526475373 0.8042091822840949 0.9991346454267396 
0.7779177831329164 0.24935044471073642 0.26972822127844986 0.48800360293347955 0.13404039576058246 
51 3 5
0.12274747744773762 0.7564333742293807 0.8386910525182282 0.7126170857507654 0.7488442245162852 
0.22449746948141647 0.20734924229752338 0.728314430749235 0.6060297171705312 0.5635316355024674 
0.7569030879100521 0.6165358142828128 0.3960163100851577 0.7593694776248269 0.6694341366588825 
52 2 5
0.435830232963357 0.1003063278514712 0.6544610526475373 0.8042091822840949 0.9991346454267396 
0.7779177831329164 0.24935044471073642 0.26972822127844986 0.48800360293347955 0.13404039576058246 
53 5 5
0.4882367249156977 0.1926350506817569 0.5315477524232539 0.5175716497674283 0.07498282423264113 
0.014247142949215807 0.512538757207748 0.9486327641831973 0.4374006275507297 0.2660943655021385 
0.6951203064757003 0.07577014933767667 0.43621505166119356 0.30832198111577547 0.677352248111113 
0.9744558360663794 0.8816176250455084 0.9996004979259476 0.4689265732741539 0.10862627961369042 
0.6520015515139713 0.06336229351831124 0.9491993075792933 0.9229383443292928 0.49364774889769547 
54 2 5
0.4882367249156977 0.1926350506817569 0.5315477524232539 0.5175716497674283 0.07498282423264113 
0.014247142949215807 0.512538757207748 0.9486327641831973 0.4374006275507297 0.2660943655021385 
55 2 5
0.9744558360663794 0.8816176250455084 0.9996004979259476 0.4689265732741539 0.10862627961369042 
0.6520015515139713 0.06336229351831124 0.9491993075792933 0.9229383443292928 0.49364774889769547 
56 11 5
0.08575706152114027 0.6202358553569252 0.48147969150832237 0.732409503944043 0.4473334364706226 
0.09483029025882717 0.9148879866303548 0.9618501377619095 0.763840257266175 0.6131487274082761 
0.5402094300495464 0.3888558132416414 0.7741690385017383 0.9753581583870168 0.3410192057812764 
0.37893370263145776 0.350356403254533 0.7644256328195242 0.3359621242505416 0.42810790039906854 
0.5337513437494734 0.6694560572972926 0.711869084860444 0.8556101533626906 0.993390319840977 
0.9929035023513758 0.9788889227959541 0.1680689008387377 0.027338287670927164 0.16187630928825347 
0.036460533094089476 0.8123902958758912 0.4279490532479605 0.5842652371993643 0.19226955679742375 
0.6331573745101384 0.888443380324435 0.1171811295073173 0.9859052359596463 0.8552570160572472 
0.14089916641045974 0.7481961951844577 0.1347523028785378 0.823576230758321 0.6846928575129319 
0.8291416032197062 0.041723972605565485 0.048993123383409 0.7896266807447264 0.3477209382037745 
0.08276217198197544 0.33351973837574356 0.43942166807086713 0.2739575426145555 0.3266007635333309 
57 5 5
0.08575706152114027 0.6202358553569252 0.48147969150832237 0.732409503944043 0.4473334364706226 
0.09483029025882717 0.9148879866303548 0.9618501377619095 0.763840257266175 0.6131487274082761 
0.5402094300495464 0.3888558132416414 0.7741690385017383 0.9753581583870168 0.3410192057812764 
0.37893370263145776 0.350356403254533 0.7644256328195242 0.3359621242505416 0.42810790039906854 
0.5337513437494734 0.6694560572972926 0.711869084860444 0.8556101533626906 0.993390319840977 
58 2 5
0.08575706152114027 0.6202358553569252 0.48147969150832237 0.732409503944043 0.4473334364706226 
0.09483029025882717 0.9148879866303548 0.9618501377619095 0.763840257266175 0.6131487274082761 
59 2 5
0.37893370263145776 0.350356403254533 0.7644256328195242 0.3359621242505416 0.42810790039906854 
0.5337513437494734 0.6694560572972926 0.711869084860444 0.8556101533626906 0.993390319840977 
60 5 5
0.036460533094089476 0.8123902958758912 0.4279490532479605 0.5842652371993643 0.19226955679742375 
0.6331573745101384 0.888443380324435 0.1171811295073173 0.9859052359596463 0.8552570160572472 
0.14089916641045974 0.7481961951844577 0.1347523028785378 0.823576230758321 0.6846928575129319 
0.8291416032197062 0.041723972605565485 0.048993123383409 0.7896266807447264 0.3477209382037745 
0.08276217198197544 0.33351973837574356 0.43942166807086713 0.2739575426145555 0.3266007635333309 
61 2 5
0.036460533094089476 0.8123902958758912 0.4279490532479605 0.5842652371993643 0.19226955679742375 
0.6331573745101384 0.888443380324435 0.1171811295073173 0.9859052359596463 0.8552570160572472 
62 2 5
0.8291416032197062 0.041723972605565485 0.048993123383409 0.7896266807447264 0.3477209382037745 
0.08276217198197544 0.33351973837574356 0.43942166807086713 0.2739575426145555 0.3266007635333309 
