0 100 5 116118000 1024 4
1 50 5 134718000 4096 3
2 25 5 169223000 16384 3
3 12 5 121771000 32768 2
4 6 5 210089000 131072 2
5 3 5 107505000 131072 2
6 2 5 114831000 262144 1
7 5 5 162021000 131072 2
8 2 5 107329000 262144 1
9 2 5 110670000 262144 1
10 12 5 135677000 32768 2
11 6 5 104862000 65536 2
12 3 5 158788000 262144 1
13 2 5 152373000 262144 2
14 5 5 110365000 65536 1
15 2 5 114598000 262144 1
16 2 5 103220000 262144 1
17 24 5 179165000 16384 2
18 12 5 124579000 32768 2
19 6 5 176553000 131072 1
20 3 5 166755000 262144 1
21 2 5 107257000 262144 1
22 5 5 130331000 131072 1
23 2 5 113331000 262144 1
24 2 5 106398000 262144 1
25 11 5 119017000 32768 2
26 5 5 150943000 131072 1
27 2 5 109968000 262144 1
28 2 5 108806000 262144 1
29 5 5 166705000 131072 1
30 2 5 104767000 262144 1
31 2 5 106642000 262144 1
32 49 5 147916000 4096 3
33 24 5 156993000 16384 2
34 12 5 133093000 32768 2
35 6 5 178093000 131072 1
36 3 5 171560000 262144 1
37 2 5 108742000 262144 1
38 5 5 176266000 131072 1
39 2 5 104671000 262144 1
40 2 5 109663000 262144 1
41 11 5 106740000 32768 2
42 5 5 165226000 131072 1
43 2 5 117786000 262144 1
44 2 5 107290000 262144 1
45 5 5 156473000 131072 1
46 2 5 107839000 262144 1
47 2 5 105694000 262144 1
48 24 5 159861000 16384 3
49 12 5 109480000 32768 2
50 6 5 220703000 131072 1
51 3 5 161532000 262144 1
52 2 5 111122000 262144 1
53 5 5 144589000 131072 1
54 2 5 107610000 262144 1
55 2 5 119477000 262144 1
56 11 5 125053000 32768 3
57 5 5 154219000 131072 2
58 2 5 147439000 262144 2
59 2 5 107717000 262144 1
60 5 5 168249000 131072 1
61 2 5 111829000 262144 1
62 2 5 109675000 262144 1
