100 5 2
471046
159590
50 5 2
122878
37150
25 5 2
31885
8872
12 5 2
3831
3330
6 5 1
1140
1362
3 5 1
281
576
2 5 1
46
396
5 5 2
712
1219
2 5 1
47
382
2 5 1
46
384
12 5 1
4188
3028
6 5 1
1078
1231
3 5 1
270
580
2 5 1
48
394
5 5 1
810
1148
2 5 1
48
408
2 5 1
51
452
24 5 2
15557
11547
12 5 2
4032
3868
6 5 1
1030
1445
3 5 1
265
706
2 5 1
45
416
5 5 1
783
1150
2 5 1
49
385
2 5 1
49
383
11 5 1
3848
3019
5 5 1
749
1131
2 5 1
48
383
2 5 1
57
387
5 5 1
697
1131
2 5 1
46
388
2 5 1
49
386
49 5 2
81654
34212
24 5 2
18316
11080
12 5 1
3341
3480
6 5 1
1024
1346
3 5 1
282
693
2 5 1
47
393
5 5 1
702
1157
2 5 1
46
393
2 5 1
45
387
11 5 1
3434
2862
5 5 1
744
1073
2 5 1
47
396
2 5 1
47
384
5 5 1
709
1059
2 5 1
46
382
2 5 1
47
393
24 5 2
16582
10959
12 5 1
4224
3457
6 5 1
990
1384
3 5 1
274
654
2 5 1
47
398
5 5 1
733
1577
2 5 1
48
423
2 5 1
46
410
11 5 1
3780
3584
5 5 1
701
1167
2 5 1
48
411
2 5 1
50
383
5 5 1
731
1268
2 5 1
55
410
2 5 1
46
421
