0 100 5
-0.026823351777295557 -4.625291619341864 -0.21172272419407134 6.390596836130653 -7.506497851465676 
-0.8245843542745215 1.6196871766268703 1.000245718080913 4.160769086955623 4.337862255839096 
2.8455014503652283 -1.056278722673349 8.926946288379407 -6.434739487231818 -4.005972369951291 
-0.43650285592971505 -2.4445923011446444 3.286099005661264 7.792584858018667 0.0279383695472033 
-6.413493176305958 7.4200434801469495 -7.7121322395943634 -9.895273529495391 -5.676788907697871 
-3.5376199493376843 3.579690144250725 8.832966903043566 -5.999027399825535 0.31388597108882843 
9.802990401359917 0.569692794993987 -4.721324229504155 -5.963084321834906 -8.221854580774178 
4.577873335170007 6.035165908593248 6.722386966430202 4.284794368605315 -1.485546808832955 
2.553503338309991 7.65627374495368 4.949526304251687 0.11834510725896186 -5.539741737666628 
-8.45939488528284 -9.664554979436572 2.902210461475975 4.447311610696015 7.965385261107215 
-6.518218489214863 -2.344230911696393 -9.536217734938235 8.081749115771903 9.114377792809925 
4.322279504593023 3.4133575947213006 1.4305778538730882 -6.841977060855815 -4.498755625183456 
0.239969664040955 -6.552793778233349 6.341781393088638 8.70930007390385 9.632393239272425 
-1.4582437359621783 9.723606424990917 -6.277349891934486 3.051032646061434 -2.966463013786857 
-4.879314667885222 -4.296681586309003 -0.6847194165977553 -5.77813599707895 5.4671305282482905 
-0.059605591189038964 -3.474978697286016 6.379552544852525 4.968272665572467 -3.58364145403292 
-2.0625066931713856 5.58423891495167 5.70597457513219 -6.712529097800745 6.455874470996182 
-1.318390139577367 -9.865450969992914 2.996121340770176 7.421129078389114 -0.19650158692071917 
6.192001708834096 -6.825553004214603 -8.503705359201845 8.555241662322373 9.59899167923824 
-0.5600820132220257 -3.344948191655878 1.7405732414560653 5.515556653197599 7.937509042234547 
-0.9909285631692057 -6.128748702256257 10.135796043937255 -1.3880199816333922 -1.2562012198428958 
-6.5374814709035345 -0.10162454873773852 -3.4898130894515464 -1.0325250211900778 -3.005605857325574 
-8.849141428832299 -0.7702401824602902 6.06337102258636 -9.639778564015343 4.891040012261863 
5.946888014749314 -8.267152051203594 -4.372228531995292 -0.006394531082499988 -7.415148323086866 
-1.2979692781537802 -6.932860331233172 -2.759406314130696 -8.248638017237354 2.1625199046798564 
-8.971436971498346 -5.4906934405440735 -2.9858441641573314 0.48923968089116077 -1.6178144518617446 
-4.931045577434564 -7.28677890295152 6.751167751322725 -5.764274687034398 4.347489379973672 
-5.800587553363632 -0.8716512324990258 -0.9126135222048579 -9.309763476482265 -3.9818567968478416 
-1.4287500683340206 -7.674729750562287 2.5420791742826374 -3.50176988188696 3.698679957812619 
-3.7615514329982256 -8.79237933191008 -4.8526176332644155 2.403136610185389 2.958765757900072 
-9.246100267422003 8.822232268158162 -7.519885059709581 7.381343378795272 6.780385159519354 
6.832206971714483 -1.1169370360351825 8.178167430907399 -6.558854923180061 8.82794935980587 
-6.571681971299647 -2.101955891156328 -5.61077190689462 -1.2335979860433461 -1.0029696130270587 
-8.224883970930685 -0.9015399220185345 3.5610786133705683 -2.4962808790025806 4.309539362618281 
9.36551022575754 4.717443511249396 -7.751222790619876 -8.812176964167485 -7.169754185827433 
6.6947382260754935 1.1198825155408763 3.926746514559261 -6.487467394972387 8.614488191490441 
-7.420050451045247 5.253667484587615 6.898821050364564 4.377341715015309 5.476884490325704 
-5.260050610371671 -5.603015154049532 4.8162886149847 2.2455943434106245 1.3956327100493486 
5.388061758201042 2.4557162856562558 -1.954673798296846 5.437389552496537 3.6386827331776503 
4.387170187278677 -8.776903312917245 3.883203703737527 -1.3143572449497873 3.4640880104902476 
-0.7833953407328602 -7.8688734429705764 3.214221052950746 6.209183645681898 10.10769290853479 
5.808355662658327 -4.762991105785272 -4.355435574431002 -0.11492794133040896 -7.194192084788351 
3.9776694221066853 -4.116429182988279 -5.989820722698781 -9.520249910323383 -7.225799667511373 
0.2647344983139539 -5.897298986364862 0.6934550484650783 0.4139329953485662 -8.375343515347177 
-9.465057141015684 0.5007751441549599 9.222655283663947 -1.1269874489854055 -4.55311268995723 
4.027406129514007 -8.359597013246466 -1.1506989667761287 -3.7085603776844906 4.047044962222261 
9.551616721327589 7.694852500910169 10.117009958518953 -0.3714685345169224 -7.327474407726191 
3.1650310302794264 -8.607754129633776 9.233986151585865 8.708766886585856 0.12295497795390942 
-5.974621172694591 -2.223150633628656 -3.3435894760879066 6.022480476188628 -1.3591938376330672 
-8.034858769577195 2.529717107138503 -0.24540616983355257 4.8981900788808606 -0.8033312705875475 
-7.853394194823457 8.547759732607094 9.36200275523819 5.4018051453235 2.5129745481655217 
1.0541886009909271 -2.0978837351671715 5.608380770034767 9.757163167740336 -2.9296158843744715 
-2.171325947370845 -2.9303719349093402 5.351012656390485 -3.1557575149891677 -0.9378419920186292 
0.9250268749894683 3.5141211459458526 4.36238169720888 7.362203067253812 10.11780639681954 
9.983070047027516 9.70277845591908 -6.513621983225246 -9.328234246581456 -6.26247381423493 
-9.02078933811821 6.372805917517823 -1.3785189350407898 1.747804743987286 -5.654608864051525 
2.7881474902027685 7.893867606488701 -7.406377409853654 9.968104719192926 7.355140321144945 
-6.682016671790805 5.088923903689153 -7.242453942429244 6.53402461516642 3.943857150258637 
6.707832064394124 -9.10302054788869 -8.95763753233182 6.042533614894529 -2.5455812359245105 
-8.09475656036049 -3.079605232485129 -0.9615666385826573 -4.39584914770889 -3.342984729333382 
7.6092550637152625 -9.558465007221958 9.655028972488815 -1.1478169538325913 -3.3680053481142362 
6.975788525618878 -8.513416114495122 -5.757948509885699 0.31505418789555906 -8.333422666222631 
6.322558136392347 4.361539948343989 9.585446862315933 -6.346046585029935 -2.121748761442496 
9.0829097361349 -6.085901803747159 6.6897769512333785 8.358670264024237 2.6854923773444734 
-5.489072454206502 -6.21920808054545 -7.741221883738489 -6.610225807197342 -9.46257890031544 
-5.556414795443913 7.702287597861613 -7.004388362452587 -9.424903220037809 0.6662730019309824 
6.840609179330344 1.95575330333208 -6.251576659953113 9.988176990814855 -6.881281535096649 
0.7822512443981662 2.248410323835373 -2.574859529731831 -1.0626440981307126 3.6247505883491957 
3.100734786753959 1.534560515714353 -8.911361522131596 -4.073946249802149 4.244943395811893 
-1.8318911167102732 -3.2476847667423843 7.251762486173619 6.02640302960214 -5.723483269674288 
8.000049389981827 8.4572003521142 -6.449650540812026 -3.927786614339893 2.6027773478362306 
1.7962372873574592 -1.304972696942576 1.6095099750259316 -7.528658529357301 4.268030537379122 
-6.196424122227802 -3.4040717716721542 8.095750175087133 -0.8108867830211715 -5.32803260755349 
-6.372822230019869 5.508586237843534 7.419657903050625 -5.827031190470699 5.104691753435885 
-5.979276886921069 9.614163627459877 1.5787450260689933 -4.5264579613221905 2.762680795275402 
-6.441799386381193 9.367382793360553 -7.265046058580674 -3.2124001469610595 7.844274656976108 
-3.7287276809223373 5.941552237055042 2.526971057023158 -6.481239468550966 8.485430824213505 
6.574874315422498 -6.949581603510694 -9.914222495226015 3.4265249221559584 -0.5414073090641605 
3.9909788330753155 0.9452684402607074 6.28098724238504 7.6147953904639785 0.9074916200747967 
-8.716034404153127 9.865788629386685 5.287079664497373 6.015856929309143 -2.745674924702011 
2.673083553547209 5.795618419400198 7.1935836382990495 8.59291565704241 -4.557398878345412 
5.455770180691043 -3.1153005296503613 1.5211611918437478 4.453306078092776 -4.7667982942669305 
-5.120242147505636 -3.7872601521925238 6.823519239104606 4.312407967312556 -0.6441724243505194 
2.2408402762570354 -6.231166092797794 8.071910768509664 -5.653490298932416 4.9223988454916 
-1.4476696702454537 -6.474166830987114 0.34718162050213985 5.167831750545307 0.7092342598676145 
-5.70455653941997 0.6708225325446113 -2.8638087435024246 -3.586661485181126 7.740679261792355 
0.954940361346817 0.4370787216865062 -3.4248565635257084 -3.176943803782734 -4.557242022671633 
-9.06294612743988 8.109346354993248 3.1502848533509984 -0.17800556821286362 -6.330316194624471 
0.6569553805584358 -7.468184865575919 -9.060284187574391 4.039789484545844 -7.605040370987292 
-6.996559025383169 0.3718970218796418 1.953838416514671 -3.7108499323447415 -5.90450227112816 
-5.201015023141282 3.3248566240437465 9.430838837976964 -7.689399199232913 4.173919694148873 
2.84162427152898 6.695875239194209 -7.594231956238499 4.204209556146933 8.70833570996535 
0.5620241036743994 3.7026820928188613 6.8298357018502225 -0.6226948067428535 -1.4815825743541993 
6.5287570580053345 10.038894820840206 -5.13629447661116 9.473455733293797 0.6455751420010656 
-2.726942280143944 0.4227407947194899 2.1651815883296215 9.650162863356904 -7.789918839196288 
-1.0639517868433948 1.1133181618365775 -8.599004700330756 -2.629247795325264 -6.954457036265712 
3.749804446240351 8.524504512085649 6.782810255178102 3.2643145202863937 3.8373314817695756 
-2.3132060819435343 -2.9054410668943156 9.36060180730079 -9.741970689036732 -6.055850066746839 
3.5660019319819845 -7.4977324272829335 -4.397886050105548 6.864860675145675 -4.474459828785626 
4.840606895103417 3.458964068768949 -7.631252648149244 2.1653781272223154 3.2787344052517935 
1 50 5
-0.026823351777295557 -4.625291619341864 -0.21172272419407134 6.390596836130653 -7.506497851465676 
-0.8245843542745215 1.6196871766268703 1.000245718080913 4.160769086955623 4.337862255839096 
2.8455014503652283 -1.056278722673349 8.926946288379407 -6.434739487231818 -4.005972369951291 
-0.43650285592971505 -2.4445923011446444 3.286099005661264 7.792584858018667 0.0279383695472033 
-6.413493176305958 7.4200434801469495 -7.7121322395943634 -9.895273529495391 -5.676788907697871 
-3.5376199493376843 3.579690144250725 8.832966903043566 -5.999027399825535 0.31388597108882843 
9.802990401359917 0.569692794993987 -4.721324229504155 -5.963084321834906 -8.221854580774178 
4.577873335170007 6.035165908593248 6.722386966430202 4.284794368605315 -1.485546808832955 
2.553503338309991 7.65627374495368 4.949526304251687 0.11834510725896186 -5.539741737666628 
-8.45939488528284 -9.664554979436572 2.902210461475975 4.447311610696015 7.965385261107215 
-6.518218489214863 -2.344230911696393 -9.536217734938235 8.081749115771903 9.114377792809925 
4.322279504593023 3.4133575947213006 1.4305778538730882 -6.841977060855815 -4.498755625183456 
0.239969664040955 -6.552793778233349 6.341781393088638 8.70930007390385 9.632393239272425 
-1.4582437359621783 9.723606424990917 -6.277349891934486 3.051032646061434 -2.966463013786857 
-4.879314667885222 -4.296681586309003 -0.6847194165977553 -5.77813599707895 5.4671305282482905 
-0.059605591189038964 -3.474978697286016 6.379552544852525 4.968272665572467 -3.58364145403292 
-2.0625066931713856 5.58423891495167 5.70597457513219 -6.712529097800745 6.455874470996182 
-1.318390139577367 -9.865450969992914 2.996121340770176 7.421129078389114 -0.19650158692071917 
6.192001708834096 -6.825553004214603 -8.503705359201845 8.555241662322373 9.59899167923824 
-0.5600820132220257 -3.344948191655878 1.7405732414560653 5.515556653197599 7.937509042234547 
-0.9909285631692057 -6.128748702256257 10.135796043937255 -1.3880199816333922 -1.2562012198428958 
-6.5374814709035345 -0.10162454873773852 -3.4898130894515464 -1.0325250211900778 -3.005605857325574 
-8.849141428832299 -0.7702401824602902 6.06337102258636 -9.639778564015343 4.891040012261863 
5.946888014749314 -8.267152051203594 -4.372228531995292 -0.006394531082499988 -7.415148323086866 
-1.2979692781537802 -6.932860331233172 -2.759406314130696 -8.248638017237354 2.1625199046798564 
-8.971436971498346 -5.4906934405440735 -2.9858441641573314 0.48923968089116077 -1.6178144518617446 
-4.931045577434564 -7.28677890295152 6.751167751322725 -5.764274687034398 4.347489379973672 
-5.800587553363632 -0.8716512324990258 -0.9126135222048579 -9.309763476482265 -3.9818567968478416 
-1.4287500683340206 -7.674729750562287 2.5420791742826374 -3.50176988188696 3.698679957812619 
-3.7615514329982256 -8.79237933191008 -4.8526176332644155 2.403136610185389 2.958765757900072 
-9.246100267422003 8.822232268158162 -7.519885059709581 7.381343378795272 6.780385159519354 
6.832206971714483 -1.1169370360351825 8.178167430907399 -6.558854923180061 8.82794935980587 
-6.571681971299647 -2.101955891156328 -5.61077190689462 -1.2335979860433461 -1.0029696130270587 
-8.224883970930685 -0.9015399220185345 3.5610786133705683 -2.4962808790025806 4.309539362618281 
9.36551022575754 4.717443511249396 -7.751222790619876 -8.812176964167485 -7.169754185827433 
6.6947382260754935 1.1198825155408763 3.926746514559261 -6.487467394972387 8.614488191490441 
-7.420050451045247 5.253667484587615 6.898821050364564 4.377341715015309 5.476884490325704 
-5.260050610371671 -5.603015154049532 4.8162886149847 2.2455943434106245 1.3956327100493486 
5.388061758201042 2.4557162856562558 -1.954673798296846 5.437389552496537 3.6386827331776503 
4.387170187278677 -8.776903312917245 3.883203703737527 -1.3143572449497873 3.4640880104902476 
-0.7833953407328602 -7.8688734429705764 3.214221052950746 6.209183645681898 10.10769290853479 
5.808355662658327 -4.762991105785272 -4.355435574431002 -0.11492794133040896 -7.194192084788351 
3.9776694221066853 -4.116429182988279 -5.989820722698781 -9.520249910323383 -7.225799667511373 
0.2647344983139539 -5.897298986364862 0.6934550484650783 0.4139329953485662 -8.375343515347177 
-9.465057141015684 0.5007751441549599 9.222655283663947 -1.1269874489854055 -4.55311268995723 
4.027406129514007 -8.359597013246466 -1.1506989667761287 -3.7085603776844906 4.047044962222261 
9.551616721327589 7.694852500910169 10.117009958518953 -0.3714685345169224 -7.327474407726191 
3.1650310302794264 -8.607754129633776 9.233986151585865 8.708766886585856 0.12295497795390942 
-5.974621172694591 -2.223150633628656 -3.3435894760879066 6.022480476188628 -1.3591938376330672 
-8.034858769577195 2.529717107138503 -0.24540616983355257 4.8981900788808606 -0.8033312705875475 
2 25 5
-0.026823351777295557 -4.625291619341864 -0.21172272419407134 6.390596836130653 -7.506497851465676 
-0.8245843542745215 1.6196871766268703 1.000245718080913 4.160769086955623 4.337862255839096 
2.8455014503652283 -1.056278722673349 8.926946288379407 -6.434739487231818 -4.005972369951291 
-0.43650285592971505 -2.4445923011446444 3.286099005661264 7.792584858018667 0.0279383695472033 
-6.413493176305958 7.4200434801469495 -7.7121322395943634 -9.895273529495391 -5.676788907697871 
-3.5376199493376843 3.579690144250725 8.832966903043566 -5.999027399825535 0.31388597108882843 
9.802990401359917 0.569692794993987 -4.721324229504155 -5.963084321834906 -8.221854580774178 
4.577873335170007 6.035165908593248 6.722386966430202 4.284794368605315 -1.485546808832955 
2.553503338309991 7.65627374495368 4.949526304251687 0.11834510725896186 -5.539741737666628 
-8.45939488528284 -9.664554979436572 2.902210461475975 4.447311610696015 7.965385261107215 
-6.518218489214863 -2.344230911696393 -9.536217734938235 8.081749115771903 9.114377792809925 
4.322279504593023 3.4133575947213006 1.4305778538730882 -6.841977060855815 -4.498755625183456 
0.239969664040955 -6.552793778233349 6.341781393088638 8.70930007390385 9.632393239272425 
-1.4582437359621783 9.723606424990917 -6.277349891934486 3.051032646061434 -2.966463013786857 
-4.879314667885222 -4.296681586309003 -0.6847194165977553 -5.77813599707895 5.4671305282482905 
-0.059605591189038964 -3.474978697286016 6.379552544852525 4.968272665572467 -3.58364145403292 
-2.0625066931713856 5.58423891495167 5.70597457513219 -6.712529097800745 6.455874470996182 
-1.318390139577367 -9.865450969992914 2.996121340770176 7.421129078389114 -0.19650158692071917 
6.192001708834096 -6.825553004214603 -8.503705359201845 8.555241662322373 9.59899167923824 
-0.5600820132220257 -3.344948191655878 1.7405732414560653 5.515556653197599 7.937509042234547 
-0.9909285631692057 -6.128748702256257 10.135796043937255 -1.3880199816333922 -1.2562012198428958 
-6.5374814709035345 -0.10162454873773852 -3.4898130894515464 -1.0325250211900778 -3.005605857325574 
-8.849141428832299 -0.7702401824602902 6.06337102258636 -9.639778564015343 4.891040012261863 
5.946888014749314 -8.267152051203594 -4.372228531995292 -0.006394531082499988 -7.415148323086866 
-1.2979692781537802 -6.932860331233172 -2.759406314130696 -8.248638017237354 2.1625199046798564 
3 12 5
-0.026823351777295557 -4.625291619341864 -0.21172272419407134 6.390596836130653 -7.506497851465676 
-0.8245843542745215 1.6196871766268703 1.000245718080913 4.160769086955623 4.337862255839096 
2.8455014503652283 -1.056278722673349 8.926946288379407 -6.434739487231818 -4.005972369951291 
-0.43650285592971505 -2.4445923011446444 3.286099005661264 7.792584858018667 0.0279383695472033 
-6.413493176305958 7.4200434801469495 -7.7121322395943634 -9.895273529495391 -5.676788907697871 
-3.5376199493376843 3.579690144250725 8.832966903043566 -5.999027399825535 0.31388597108882843 
9.802990401359917 0.569692794993987 -4.721324229504155 -5.963084321834906 -8.221854580774178 
4.577873335170007 6.035165908593248 6.722386966430202 4.284794368605315 -1.485546808832955 
2.553503338309991 7.65627374495368 4.949526304251687 0.11834510725896186 -5.539741737666628 
-8.45939488528284 -9.664554979436572 2.902210461475975 4.447311610696015 7.965385261107215 
-6.518218489214863 -2.344230911696393 -9.536217734938235 8.081749115771903 9.114377792809925 
4.322279504593023 3.4133575947213006 1.4305778538730882 -6.841977060855815 -4.498755625183456 
4 6 5
-0.026823351777295557 -4.625291619341864 -0.21172272419407134 6.390596836130653 -7.506497851465676 
-0.8245843542745215 1.6196871766268703 1.000245718080913 4.160769086955623 4.337862255839096 
2.8455014503652283 -1.056278722673349 8.926946288379407 -6.434739487231818 -4.005972369951291 
-0.43650285592971505 -2.4445923011446444 3.286099005661264 7.792584858018667 0.0279383695472033 
-6.413493176305958 7.4200434801469495 -7.7121322395943634 -9.895273529495391 -5.676788907697871 
-3.5376199493376843 3.579690144250725 8.832966903043566 -5.999027399825535 0.31388597108882843 
5 3 5
-0.026823351777295557 -4.625291619341864 -0.21172272419407134 6.390596836130653 -7.506497851465676 
-0.8245843542745215 1.6196871766268703 1.000245718080913 4.160769086955623 4.337862255839096 
2.8455014503652283 -1.056278722673349 8.926946288379407 -6.434739487231818 -4.005972369951291 
6 2 5
-6.413493176305958 7.4200434801469495 -7.7121322395943634 -9.895273529495391 -5.676788907697871 
-3.5376199493376843 3.579690144250725 8.832966903043566 -5.999027399825535 0.31388597108882843 
7 5 5
4.577873335170007 6.035165908593248 6.722386966430202 4.284794368605315 -1.485546808832955 
2.553503338309991 7.65627374495368 4.949526304251687 0.11834510725896186 -5.539741737666628 
-8.45939488528284 -9.664554979436572 2.902210461475975 4.447311610696015 7.965385261107215 
-6.518218489214863 -2.344230911696393 -9.536217734938235 8.081749115771903 9.114377792809925 
4.322279504593023 3.4133575947213006 1.4305778538730882 -6.841977060855815 -4.498755625183456 
8 2 5
4.577873335170007 6.035165908593248 6.722386966430202 4.284794368605315 -1.485546808832955 
2.553503338309991 7.65627374495368 4.949526304251687 0.11834510725896186 -5.539741737666628 
9 2 5
-6.518218489214863 -2.344230911696393 -9.536217734938235 8.081749115771903 9.114377792809925 
4.322279504593023 3.4133575947213006 1.4305778538730882 -6.841977060855815 -4.498755625183456 
10 12 5
-1.4582437359621783 9.723606424990917 -6.277349891934486 3.051032646061434 -2.966463013786857 
-4.879314667885222 -4.296681586309003 -0.6847194165977553 -5.77813599707895 5.4671305282482905 
-0.059605591189038964 -3.474978697286016 6.379552544852525 4.968272665572467 -3.58364145403292 
-2.0625066931713856 5.58423891495167 5.70597457513219 -6.712529097800745 6.455874470996182 
-1.318390139577367 -9.865450969992914 2.996121340770176 7.421129078389114 -0.19650158692071917 
6.192001708834096 -6.825553004214603 -8.503705359201845 8.555241662322373 9.59899167923824 
-0.5600820132220257 -3.344948191655878 1.7405732414560653 5.515556653197599 7.937509042234547 
-0.9909285631692057 -6.128748702256257 10.135796043937255 -1.3880199816333922 -1.2562012198428958 
-6.5374814709035345 -0.10162454873773852 -3.4898130894515464 -1.0325250211900778 -3.005605857325574 
-8.849141428832299 -0.7702401824602902 6.06337102258636 -9.639778564015343 4.891040012261863 
5.946888014749314 -8.267152051203594 -4.372228531995292 -0.006394531082499988 -7.415148323086866 
-1.2979692781537802 -6.932860331233172 -2.759406314130696 -8.248638017237354 2.1625199046798564 
11 6 5
-1.4582437359621783 9.723606424990917 -6.277349891934486 3.051032646061434 -2.966463013786857 
-4.879314667885222 -4.296681586309003 -0.6847194165977553 -5.77813599707895 5.4671305282482905 
-0.059605591189038964 -3.474978697286016 6.379552544852525 4.968272665572467 -3.58364145403292 
-2.0625066931713856 5.58423891495167 5.70597457513219 -6.712529097800745 6.455874470996182 
-1.318390139577367 -9.865450969992914 2.996121340770176 7.421129078389114 -0.19650158692071917 
6.192001708834096 -6.825553004214603 -8.503705359201845 8.555241662322373 9.59899167923824 
12 3 5
-1.4582437359621783 9.723606424990917 -6.277349891934486 3.051032646061434 -2.966463013786857 
-4.879314667885222 -4.296681586309003 -0.6847194165977553 -5.77813599707895 5.4671305282482905 
-0.059605591189038964 -3.474978697286016 6.379552544852525 4.968272665572467 -3.58364145403292 
13 2 5
-1.318390139577367 -9.865450969992914 2.996121340770176 7.421129078389114 -0.19650158692071917 
6.192001708834096 -6.825553004214603 -8.503705359201845 8.555241662322373 9.59899167923824 
14 5 5
-0.9909285631692057 -6.128748702256257 10.135796043937255 -1.3880199816333922 -1.2562012198428958 
-6.5374814709035345 -0.10162454873773852 -3.4898130894515464 -1.0325250211900778 -3.005605857325574 
-8.849141428832299 -0.7702401824602902 6.06337102258636 -9.639778564015343 4.891040012261863 
5.946888014749314 -8.267152051203594 -4.372228531995292 -0.006394531082499988 -7.415148323086866 
-1.2979692781537802 -6.932860331233172 -2.759406314130696 -8.248638017237354 2.1625199046798564 
15 2 5
-0.9909285631692057 -6.128748702256257 10.135796043937255 -1.3880199816333922 -1.2562012198428958 
-6.5374814709035345 -0.10162454873773852 -3.4898130894515464 -1.0325250211900778 -3.005605857325574 
16 2 5
5.946888014749314 -8.267152051203594 -4.372228531995292 -0.006394531082499988 -7.415148323086866 
-1.2979692781537802 -6.932860331233172 -2.759406314130696 -8.248638017237354 2.1625199046798564 
17 24 5
-4.931045577434564 -7.28677890295152 6.751167751322725 -5.764274687034398 4.347489379973672 
-5.800587553363632 -0.8716512324990258 -0.9126135222048579 -9.309763476482265 -3.9818567968478416 
-1.4287500683340206 -7.674729750562287 2.5420791742826374 -3.50176988188696 3.698679957812619 
-3.7615514329982256 -8.79237933191008 -4.8526176332644155 2.403136610185389 2.958765757900072 
-9.246100267422003 8.822232268158162 -7.519885059709581 7.381343378795272 6.780385159519354 
6.832206971714483 -1.1169370360351825 8.178167430907399 -6.558854923180061 8.82794935980587 
-6.571681971299647 -2.101955891156328 -5.61077190689462 -1.2335979860433461 -1.0029696130270587 
-8.224883970930685 -0.9015399220185345 3.5610786133705683 -2.4962808790025806 4.309539362618281 
9.36551022575754 4.717443511249396 -7.751222790619876 -8.812176964167485 -7.169754185827433 
6.6947382260754935 1.1198825155408763 3.926746514559261 -6.487467394972387 8.614488191490441 
-7.420050451045247 5.253667484587615 6.898821050364564 4.377341715015309 5.476884490325704 
-5.260050610371671 -5.603015154049532 4.8162886149847 2.2455943434106245 1.3956327100493486 
5.388061758201042 2.4557162856562558 -1.954673798296846 5.437389552496537 3.6386827331776503 
4.387170187278677 -8.776903312917245 3.883203703737527 -1.3143572449497873 3.4640880104902476 
-0.7833953407328602 -7.8688734429705764 3.214221052950746 6.209183645681898 10.10769290853479 
5.808355662658327 -4.762991105785272 -4.355435574431002 -0.11492794133040896 -7.194192084788351 
3.9776694221066853 -4.116429182988279 -5.989820722698781 -9.520249910323383 -7.225799667511373 
0.2647344983139539 -5.897298986364862 0.6934550484650783 0.4139329953485662 -8.375343515347177 
-9.465057141015684 0.5007751441549599 9.222655283663947 -1.1269874489854055 -4.55311268995723 
4.027406129514007 -8.359597013246466 -1.1506989667761287 -3.7085603776844906 4.047044962222261 
9.551616721327589 7.694852500910169 10.117009958518953 -0.3714685345169224 -7.327474407726191 
3.1650310302794264 -8.607754129633776 9.233986151585865 8.708766886585856 0.12295497795390942 
-5.974621172694591 -2.223150633628656 -3.3435894760879066 6.022480476188628 -1.3591938376330672 
-8.034858769577195 2.529717107138503 -0.24540616983355257 4.8981900788808606 -0.8033312705875475 
18 12 5
-4.931045577434564 -7.28677890295152 6.751167751322725 -5.764274687034398 4.347489379973672 
-5.800587553363632 -0.8716512324990258 -0.9126135222048579 -9.309763476482265 -3.9818567968478416 
-1.4287500683340206 -7.674729750562287 2.5420791742826374 -3.50176988188696 3.698679957812619 
-3.7615514329982256 -8.79237933191008 -4.8526176332644155 2.403136610185389 2.958765757900072 
-9.246100267422003 8.822232268158162 -7.519885059709581 7.381343378795272 6.780385159519354 
6.832206971714483 -1.1169370360351825 8.178167430907399 -6.558854923180061 8.82794935980587 
-6.571681971299647 -2.101955891156328 -5.61077190689462 -1.2335979860433461 -1.0029696130270587 
-8.224883970930685 -0.9015399220185345 3.5610786133705683 -2.4962808790025806 4.309539362618281 
9.36551022575754 4.717443511249396 -7.751222790619876 -8.812176964167485 -7.169754185827433 
6.6947382260754935 1.1198825155408763 3.926746514559261 -6.487467394972387 8.614488191490441 
-7.420050451045247 5.253667484587615 6.898821050364564 4.377341715015309 5.476884490325704 
-5.260050610371671 -5.603015154049532 4.8162886149847 2.2455943434106245 1.3956327100493486 
19 6 5
-4.931045577434564 -7.28677890295152 6.751167751322725 -5.764274687034398 4.347489379973672 
-5.800587553363632 -0.8716512324990258 -0.9126135222048579 -9.309763476482265 -3.9818567968478416 
-1.4287500683340206 -7.674729750562287 2.5420791742826374 -3.50176988188696 3.698679957812619 
-3.7615514329982256 -8.79237933191008 -4.8526176332644155 2.403136610185389 2.958765757900072 
-9.246100267422003 8.822232268158162 -7.519885059709581 7.381343378795272 6.780385159519354 
6.832206971714483 -1.1169370360351825 8.178167430907399 -6.558854923180061 8.82794935980587 
20 3 5
-4.931045577434564 -7.28677890295152 6.751167751322725 -5.764274687034398 4.347489379973672 
-5.800587553363632 -0.8716512324990258 -0.9126135222048579 -9.309763476482265 -3.9818567968478416 
-1.4287500683340206 -7.674729750562287 2.5420791742826374 -3.50176988188696 3.698679957812619 
21 2 5
-9.246100267422003 8.822232268158162 -7.519885059709581 7.381343378795272 6.780385159519354 
6.832206971714483 -1.1169370360351825 8.178167430907399 -6.558854923180061 8.82794935980587 
22 5 5
-8.224883970930685 -0.9015399220185345 3.5610786133705683 -2.4962808790025806 4.309539362618281 
9.36551022575754 4.717443511249396 -7.751222790619876 -8.812176964167485 -7.169754185827433 
6.6947382260754935 1.1198825155408763 3.926746514559261 -6.487467394972387 8.614488191490441 
-7.420050451045247 5.253667484587615 6.898821050364564 4.377341715015309 5.476884490325704 
-5.260050610371671 -5.603015154049532 4.8162886149847 2.2455943434106245 1.3956327100493486 
23 2 5
-8.224883970930685 -0.9015399220185345 3.5610786133705683 -2.4962808790025806 4.309539362618281 
9.36551022575754 4.717443511249396 -7.751222790619876 -8.812176964167485 -7.169754185827433 
24 2 5
-7.420050451045247 5.253667484587615 6.898821050364564 4.377341715015309 5.476884490325704 
-5.260050610371671 -5.603015154049532 4.8162886149847 2.2455943434106245 1.3956327100493486 
25 11 5
4.387170187278677 -8.776903312917245 3.883203703737527 -1.3143572449497873 3.4640880104902476 
-0.7833953407328602 -7.8688734429705764 3.214221052950746 6.209183645681898 10.10769290853479 
5.808355662658327 -4.762991105785272 -4.355435574431002 -0.11492794133040896 -7.194192084788351 
3.9776694221066853 -4.116429182988279 -5.989820722698781 -9.520249910323383 -7.225799667511373 
0.2647344983139539 -5.897298986364862 0.6934550484650783 0.4139329953485662 -8.375343515347177 
-9.465057141015684 0.5007751441549599 9.222655283663947 -1.1269874489854055 -4.55311268995723 
4.027406129514007 -8.359597013246466 -1.1506989667761287 -3.7085603776844906 4.047044962222261 
9.551616721327589 7.694852500910169 10.117009958518953 -0.3714685345169224 -7.327474407726191 
3.1650310302794264 -8.607754129633776 9.233986151585865 8.708766886585856 0.12295497795390942 
-5.974621172694591 -2.223150633628656 -3.3435894760879066 6.022480476188628 -1.3591938376330672 
-8.034858769577195 2.529717107138503 -0.24540616983355257 4.8981900788808606 -0.8033312705875475 
26 5 5
4.387170187278677 -8.776903312917245 3.883203703737527 -1.3143572449497873 3.4640880104902476 
-0.7833953407328602 -7.8688734429705764 3.214221052950746 6.209183645681898 10.10769290853479 
5.808355662658327 -4.762991105785272 -4.355435574431002 -0.11492794133040896 -7.194192084788351 
3.9776694221066853 -4.116429182988279 -5.989820722698781 -9.520249910323383 -7.225799667511373 
0.2647344983139539 -5.897298986364862 0.6934550484650783 0.4139329953485662 -8.375343515347177 
27 2 5
4.387170187278677 -8.776903312917245 3.883203703737527 -1.3143572449497873 3.4640880104902476 
-0.7833953407328602 -7.8688734429705764 3.214221052950746 6.209183645681898 10.10769290853479 
28 2 5
3.9776694221066853 -4.116429182988279 -5.989820722698781 -9.520249910323383 -7.225799667511373 
0.2647344983139539 -5.897298986364862 0.6934550484650783 0.4139329953485662 -8.375343515347177 
29 5 5
4.027406129514007 -8.359597013246466 -1.1506989667761287 -3.7085603776844906 4.047044962222261 
9.551616721327589 7.694852500910169 10.117009958518953 -0.3714685345169224 -7.327474407726191 
3.1650310302794264 -8.607754129633776 9.233986151585865 8.708766886585856 0.12295497795390942 
-5.974621172694591 -2.223150633628656 -3.3435894760879066 6.022480476188628 -1.3591938376330672 
-8.034858769577195 2.529717107138503 -0.24540616983355257 4.8981900788808606 -0.8033312705875475 
30 2 5
4.027406129514007 -8.359597013246466 -1.1506989667761287 -3.7085603776844906 4.047044962222261 
9.551616721327589 7.694852500910169 10.117009958518953 -0.3714685345169224 -7.327474407726191 
31 2 5
-5.974621172694591 -2.223150633628656 -3.3435894760879066 6.022480476188628 -1.3591938376330672 
-8.034858769577195 2.529717107138503 -0.24540616983355257 4.8981900788808606 -0.8033312705875475 
32 49 5
1.0541886009909271 -2.0978837351671715 5.608380770034767 9.757163167740336 -2.9296158843744715 
-2.171325947370845 -2.9303719349093402 5.351012656390485 -3.1557575149891677 -0.9378419920186292 
0.9250268749894683 3.5141211459458526 4.36238169720888 7.362203067253812 10.11780639681954 
9.983070047027516 9.70277845591908 -6.513621983225246 -9.328234246581456 -6.26247381423493 
-9.02078933811821 6.372805917517823 -1.3785189350407898 1.747804743987286 -5.654608864051525 
2.7881474902027685 7.893867606488701 -7.406377409853654 9.968104719192926 7.355140321144945 
-6.682016671790805 5.088923903689153 -7.242453942429244 6.53402461516642 3.943857150258637 
6.707832064394124 -9.10302054788869 -8.95763753233182 6.042533614894529 -2.5455812359245105 
-8.09475656036049 -3.079605232485129 -0.9615666385826573 -4.39584914770889 -3.342984729333382 
7.6092550637152625 -9.558465007221958 9.655028972488815 -1.1478169538325913 -3.3680053481142362 
6.975788525618878 -8.513416114495122 -5.757948509885699 0.31505418789555906 -8.333422666222631 
6.322558136392347 4.361539948343989 9.585446862315933 -6.346046585029935 -2.121748761442496 
9.0829097361349 -6.085901803747159 6.6897769512333785 8.358670264024237 2.6854923773444734 
-5.489072454206502 -6.21920808054545 -7.741221883738489 -6.610225807197342 -9.46257890031544 
-5.556414795443913 7.702287597861613 -7.004388362452587 -9.424903220037809 0.6662730019309824 
6.840609179330344 1.95575330333208 -6.251576659953113 9.988176990814855 -6.881281535096649 
0.7822512443981662 2.248410323835373 -2.574859529731831 -1.0626440981307126 3.6247505883491957 
3.100734786753959 1.534560515714353 -8.911361522131596 -4.073946249802149 4.244943395811893 
-1.8318911167102732 -3.2476847667423843 7.251762486173619 6.02640302960214 -5.723483269674288 
8.000049389981827 8.4572003521142 -6.449650540812026 -3.927786614339893 2.6027773478362306 
1.7962372873574592 -1.304972696942576 1.6095099750259316 -7.528658529357301 4.268030537379122 
-6.196424122227802 -3.4040717716721542 8.095750175087133 -0.8108867830211715 -5.32803260755349 
-6.372822230019869 5.508586237843534 7.419657903050625 -5.827031190470699 5.104691753435885 
-5.979276886921069 9.614163627459877 1.5787450260689933 -4.5264579613221905 2.762680795275402 
-6.441799386381193 9.367382793360553 -7.265046058580674 -3.2124001469610595 7.844274656976108 
-3.7287276809223373 5.941552237055042 2.526971057023158 -6.481239468550966 8.485430824213505 
6.574874315422498 -6.949581603510694 -9.914222495226015 3.4265249221559584 -0.5414073090641605 
3.9909788330753155 0.9452684402607074 6.28098724238504 7.6147953904639785 0.9074916200747967 
-8.716034404153127 9.865788629386685 5.287079664497373 6.015856929309143 -2.745674924702011 
2.673083553547209 5.795618419400198 7.1935836382990495 8.59291565704241 -4.557398878345412 
5.455770180691043 -3.1153005296503613 1.5211611918437478 4.453306078092776 -4.7667982942669305 
-5.120242147505636 -3.7872601521925238 6.823519239104606 4.312407967312556 -0.6441724243505194 
2.2408402762570354 -6.231166092797794 8.071910768509664 -5.653490298932416 4.9223988454916 
-1.4476696702454537 -6.474166830987114 0.34718162050213985 5.167831750545307 0.7092342598676145 
-5.70455653941997 0.6708225325446113 -2.8638087435024246 -3.586661485181126 7.740679261792355 
0.954940361346817 0.4370787216865062 -3.4248565635257084 -3.176943803782734 -4.557242022671633 
-9.06294612743988 8.109346354993248 3.1502848533509984 -0.17800556821286362 -6.330316194624471 
0.6569553805584358 -7.468184865575919 -9.060284187574391 4.039789484545844 -7.605040370987292 
-6.996559025383169 0.3718970218796418 1.953838416514671 -3.7108499323447415 -5.90450227112816 
-5.201015023141282 3.3248566240437465 9.430838837976964 -7.689399199232913 4.173919694148873 
2.84162427152898 6.695875239194209 -7.594231956238499 4.204209556146933 8.70833570996535 
0.5620241036743994 3.7026820928188613 6.8298357018502225 -0.6226948067428535 -1.4815825743541993 
6.5287570580053345 10.038894820840206 -5.13629447661116 9.473455733293797 0.6455751420010656 
-2.726942280143944 0.4227407947194899 2.1651815883296215 9.650162863356904 -7.789918839196288 
-1.0639517868433948 1.1133181618365775 -8.599004700330756 -2.629247795325264 -6.954457036265712 
3.749804446240351 8.524504512085649 6.782810255178102 3.2643145202863937 3.8373314817695756 
-2.3132060819435343 -2.9054410668943156 9.36060180730079 -9.741970689036732 -6.055850066746839 
3.5660019319819845 -7.4977324272829335 -4.397886050105548 6.864860675145675 -4.474459828785626 
4.840606895103417 3.458964068768949 -7.631252648149244 2.1653781272223154 3.2787344052517935 
33 24 5
1.0541886009909271 -2.0978837351671715 5.608380770034767 9.757163167740336 -2.9296158843744715 
-2.171325947370845 -2.9303719349093402 5.351012656390485 -3.1557575149891677 -0.9378419920186292 
0.9250268749894683 3.5141211459458526 4.36238169720888 7.362203067253812 10.11780639681954 
9.983070047027516 9.70277845591908 -6.513621983225246 -9.328234246581456 -6.26247381423493 
-9.02078933811821 6.372805917517823 -1.3785189350407898 1.747804743987286 -5.654608864051525 
2.7881474902027685 7.893867606488701 -7.406377409853654 9.968104719192926 7.355140321144945 
-6.682016671790805 5.088923903689153 -7.242453942429244 6.53402461516642 3.943857150258637 
6.707832064394124 -9.10302054788869 -8.95763753233182 6.042533614894529 -2.5455812359245105 
-8.09475656036049 -3.079605232485129 -0.9615666385826573 -4.39584914770889 -3.342984729333382 
7.6092550637152625 -9.558465007221958 9.655028972488815 -1.1478169538325913 -3.3680053481142362 
6.975788525618878 -8.513416114495122 -5.757948509885699 0.31505418789555906 -8.333422666222631 
6.322558136392347 4.361539948343989 9.585446862315933 -6.346046585029935 -2.121748761442496 
9.0829097361349 -6.085901803747159 6.6897769512333785 8.358670264024237 2.6854923773444734 
-5.489072454206502 -6.21920808054545 -7.741221883738489 -6.610225807197342 -9.46257890031544 
-5.556414795443913 7.702287597861613 -7.004388362452587 -9.424903220037809 0.6662730019309824 
6.840609179330344 1.95575330333208 -6.251576659953113 9.988176990814855 -6.881281535096649 
0.7822512443981662 2.248410323835373 -2.574859529731831 -1.0626440981307126 3.6247505883491957 
3.100734786753959 1.534560515714353 -8.911361522131596 -4.073946249802149 4.244943395811893 
-1.8318911167102732 -3.2476847667423843 7.251762486173619 6.02640302960214 -5.723483269674288 
8.000049389981827 8.4572003521142 -6.449650540812026 -3.927786614339893 2.6027773478362306 
1.7962372873574592 -1.304972696942576 1.6095099750259316 -7.528658529357301 4.268030537379122 
-6.196424122227802 -3.4040717716721542 8.095750175087133 -0.8108867830211715 -5.32803260755349 
-6.372822230019869 5.508586237843534 7.419657903050625 -5.827031190470699 5.104691753435885 
-5.979276886921069 9.614163627459877 1.5787450260689933 -4.5264579613221905 2.762680795275402 
34 12 5
1.0541886009909271 -2.0978837351671715 5.608380770034767 9.757163167740336 -2.9296158843744715 
-2.171325947370845 -2.9303719349093402 5.351012656390485 -3.1557575149891677 -0.9378419920186292 
0.9250268749894683 3.5141211459458526 4.36238169720888 7.362203067253812 10.11780639681954 
9.983070047027516 9.70277845591908 -6.513621983225246 -9.328234246581456 -6.26247381423493 
-9.02078933811821 6.372805917517823 -1.3785189350407898 1.747804743987286 -5.654608864051525 
2.7881474902027685 7.893867606488701 -7.406377409853654 9.968104719192926 7.355140321144945 
-6.682016671790805 5.088923903689153 -7.242453942429244 6.53402461516642 3.943857150258637 
6.707832064394124 -9.10302054788869 -8.95763753233182 6.042533614894529 -2.5455812359245105 
-8.09475656036049 -3.079605232485129 -0.9615666385826573 -4.39584914770889 -3.342984729333382 
7.6092550637152625 -9.558465007221958 9.655028972488815 -1.1478169538325913 -3.3680053481142362 
6.975788525618878 -8.513416114495122 -5.757948509885699 0.31505418789555906 -8.333422666222631 
6.322558136392347 4.361539948343989 9.585446862315933 -6.346046585029935 -2.121748761442496 
35 6 5
1.0541886009909271 -2.0978837351671715 5.608380770034767 9.757163167740336 -2.9296158843744715 
-2.171325947370845 -2.9303719349093402 5.351012656390485 -3.1557575149891677 -0.9378419920186292 
0.9250268749894683 3.5141211459458526 4.36238169720888 7.362203067253812 10.11780639681954 
9.983070047027516 9.70277845591908 -6.513621983225246 -9.328234246581456 -6.26247381423493 
-9.02078933811821 6.372805917517823 -1.3785189350407898 1.747804743987286 -5.654608864051525 
2.7881474902027685 7.893867606488701 -7.406377409853654 9.968104719192926 7.355140321144945 
36 3 5
1.0541886009909271 -2.0978837351671715 5.608380770034767 9.757163167740336 -2.9296158843744715 
-2.171325947370845 -2.9303719349093402 5.351012656390485 -3.1557575149891677 -0.9378419920186292 
0.9250268749894683 3.5141211459458526 4.36238169720888 7.362203067253812 10.11780639681954 
37 2 5
-9.02078933811821 6.372805917517823 -1.3785189350407898 1.747804743987286 -5.654608864051525 
2.7881474902027685 7.893867606488701 -7.406377409853654 9.968104719192926 7.355140321144945 
38 5 5
6.707832064394124 -9.10302054788869 -8.95763753233182 6.042533614894529 -2.5455812359245105 
-8.09475656036049 -3.079605232485129 -0.9615666385826573 -4.39584914770889 -3.342984729333382 
7.6092550637152625 -9.558465007221958 9.655028972488815 -1.1478169538325913 -3.3680053481142362 
6.975788525618878 -8.513416114495122 -5.757948509885699 0.31505418789555906 -8.333422666222631 
6.322558136392347 4.361539948343989 9.585446862315933 -6.346046585029935 -2.121748761442496 
39 2 5
6.707832064394124 -9.10302054788869 -8.95763753233182 6.042533614894529 -2.5455812359245105 
-8.09475656036049 -3.079605232485129 -0.9615666385826573 -4.39584914770889 -3.342984729333382 
40 2 5
6.975788525618878 -8.513416114495122 -5.757948509885699 0.31505418789555906 -8.333422666222631 
6.322558136392347 4.361539948343989 9.585446862315933 -6.346046585029935 -2.121748761442496 
41 11 5
-5.489072454206502 -6.21920808054545 -7.741221883738489 -6.610225807197342 -9.46257890031544 
-5.556414795443913 7.702287597861613 -7.004388362452587 -9.424903220037809 0.6662730019309824 
6.840609179330344 1.95575330333208 -6.251576659953113 9.988176990814855 -6.881281535096649 
0.7822512443981662 2.248410323835373 -2.574859529731831 -1.0626440981307126 3.6247505883491957 
3.100734786753959 1.534560515714353 -8.911361522131596 -4.073946249802149 4.244943395811893 
-1.8318911167102732 -3.2476847667423843 7.251762486173619 6.02640302960214 -5.723483269674288 
8.000049389981827 8.4572003521142 -6.449650540812026 -3.927786614339893 2.6027773478362306 
1.7962372873574592 -1.304972696942576 1.6095099750259316 -7.528658529357301 4.268030537379122 
-6.196424122227802 -3.4040717716721542 8.095750175087133 -0.8108867830211715 -5.32803260755349 
-6.372822230019869 5.508586237843534 7.419657903050625 -5.827031190470699 5.104691753435885 
-5.979276886921069 9.614163627459877 1.5787450260689933 -4.5264579613221905 2.762680795275402 
42 5 5
-5.489072454206502 -6.21920808054545 -7.741221883738489 -6.610225807197342 -9.46257890031544 
-5.556414795443913 7.702287597861613 -7.004388362452587 -9.424903220037809 0.6662730019309824 
6.840609179330344 1.95575330333208 -6.251576659953113 9.988176990814855 -6.881281535096649 
0.7822512443981662 2.248410323835373 -2.574859529731831 -1.0626440981307126 3.6247505883491957 
3.100734786753959 1.534560515714353 -8.911361522131596 -4.073946249802149 4.244943395811893 
43 2 5
-5.489072454206502 -6.21920808054545 -7.741221883738489 -6.610225807197342 -9.46257890031544 
-5.556414795443913 7.702287597861613 -7.004388362452587 -9.424903220037809 0.6662730019309824 
44 2 5
0.7822512443981662 2.248410323835373 -2.574859529731831 -1.0626440981307126 3.6247505883491957 
3.100734786753959 1.534560515714353 -8.911361522131596 -4.073946249802149 4.244943395811893 
45 5 5
8.000049389981827 8.4572003521142 -6.449650540812026 -3.927786614339893 2.6027773478362306 
1.7962372873574592 -1.304972696942576 1.6095099750259316 -7.528658529357301 4.268030537379122 
-6.196424122227802 -3.4040717716721542 8.095750175087133 -0.8108867830211715 -5.32803260755349 
-6.372822230019869 5.508586237843534 7.419657903050625 -5.827031190470699 5.104691753435885 
-5.979276886921069 9.614163627459877 1.5787450260689933 -4.5264579613221905 2.762680795275402 
46 2 5
8.000049389981827 8.4572003521142 -6.449650540812026 -3.927786614339893 2.6027773478362306 
1.7962372873574592 -1.304972696942576 1.6095099750259316 -7.528658529357301 4.268030537379122 
47 2 5
-6.372822230019869 5.508586237843534 7.419657903050625 -5.827031190470699 5.104691753435885 
-5.979276886921069 9.614163627459877 1.5787450260689933 -4.5264579613221905 2.762680795275402 
48 24 5
-3.7287276809223373 5.941552237055042 2.526971057023158 -6.481239468550966 8.485430824213505 
6.574874315422498 -6.949581603510694 -9.914222495226015 3.4265249221559584 -0.5414073090641605 
3.9909788330753155 0.9452684402607074 6.28098724238504 7.6147953904639785 0.9074916200747967 
-8.716034404153127 9.865788629386685 5.287079664497373 6.015856929309143 -2.745674924702011 
2.673083553547209 5.795618419400198 7.1935836382990495 8.59291565704241 -4.557398878345412 
5.455770180691043 -3.1153005296503613 1.5211611918437478 4.453306078092776 -4.7667982942669305 
-5.120242147505636 -3.7872601521925238 6.823519239104606 4.312407967312556 -0.6441724243505194 
2.2408402762570354 -6.231166092797794 8.071910768509664 -5.653490298932416 4.9223988454916 
-1.4476696702454537 -6.474166830987114 0.34718162050213985 5.167831750545307 0.7092342598676145 
-5.70455653941997 0.6708225325446113 -2.8638087435024246 -3.586661485181126 7.740679261792355 
0.954940361346817 0.4370787216865062 -3.4248565635257084 -3.176943803782734 -4.557242022671633 
-9.06294612743988 8.109346354993248 3.1502848533509984 -0.17800556821286362 -6.330316194624471 
0.6569553805584358 -7.468184865575919 -9.060284187574391 4.039789484545844 -7.605040370987292 
-6.996559025383169 0.3718970218796418 1.953838416514671 -3.7108499323447415 -5.90450227112816 
-5.201015023141282 3.3248566240437465 9.430838837976964 -7.689399199232913 4.173919694148873 
2.84162427152898 6.695875239194209 -7.594231956238499 4.204209556146933 8.70833570996535 
0.5620241036743994 3.7026820928188613 6.8298357018502225 -0.6226948067428535 -1.4815825743541993 
6.5287570580053345 10.038894820840206 -5.13629447661116 9.473455733293797 0.6455751420010656 
-2.726942280143944 0.4227407947194899 2.1651815883296215 9.650162863356904 -7.789918839196288 
-1.0639517868433948 1.1133181618365775 -8.599004700330756 -2.629247795325264 -6.954457036265712 
3.749804446240351 8.524504512085649 6.782810255178102 3.2643145202863937 3.8373314817695756 
-2.3132060819435343 -2.9054410668943156 9.36060180730079 -9.741970689036732 -6.055850066746839 
3.5660019319819845 -7.4977324272829335 -4.397886050105548 6.864860675145675 -4.474459828785626 
4.840606895103417 3.458964068768949 -7.631252648149244 2.1653781272223154 3.2787344052517935 
49 12 5
-3.7287276809223373 5.941552237055042 2.526971057023158 -6.481239468550966 8.485430824213505 
6.574874315422498 -6.949581603510694 -9.914222495226015 3.4265249221559584 -0.5414073090641605 
3.9909788330753155 0.9452684402607074 6.28098724238504 7.6147953904639785 0.9074916200747967 
-8.716034404153127 9.865788629386685 5.287079664497373 6.015856929309143 -2.745674924702011 
2.673083553547209 5.795618419400198 7.1935836382990495 8.59291565704241 -4.557398878345412 
5.455770180691043 -3.1153005296503613 1.5211611918437478 4.453306078092776 -4.7667982942669305 
-5.120242147505636 -3.7872601521925238 6.823519239104606 4.312407967312556 -0.6441724243505194 
2.2408402762570354 -6.231166092797794 8.071910768509664 -5.653490298932416 4.9223988454916 
-1.4476696702454537 -6.474166830987114 0.34718162050213985 5.167831750545307 0.7092342598676145 
-5.70455653941997 0.6708225325446113 -2.8638087435024246 -3.586661485181126 7.740679261792355 
0.954940361346817 0.4370787216865062 -3.4248565635257084 -3.176943803782734 -4.557242022671633 
-9.06294612743988 8.109346354993248 3.1502848533509984 -0.17800556821286362 -6.330316194624471 
50 6 5
-3.7287276809223373 5.941552237055042 2.526971057023158 -6.481239468550966 8.485430824213505 
6.574874315422498 -6.949581603510694 -9.914222495226015 3.4265249221559584 -0.5414073090641605 
3.9909788330753155 0.9452684402607074 6.28098724238504 7.6147953904639785 0.9074916200747967 
-8.716034404153127 9.865788629386685 5.287079664497373 6.015856929309143 -2.745674924702011 
2.673083553547209 5.795618419400198 7.1935836382990495 8.59291565704241 -4.557398878345412 
5.455770180691043 -3.1153005296503613 1.5211611918437478 4.453306078092776 -4.7667982942669305 
51 3 5
-3.7287276809223373 5.941552237055042 2.526971057023158 -6.481239468550966 8.485430824213505 
6.574874315422498 -6.949581603510694 -9.914222495226015 3.4265249221559584 -0.5414073090641605 
3.9909788330753155 0.9452684402607074 6.28098724238504 7.6147953904639785 0.9074916200747967 
52 2 5
2.673083553547209 5.795618419400198 7.1935836382990495 8.59291565704241 -4.557398878345412 
5.455770180691043 -3.1153005296503613 1.5211611918437478 4.453306078092776 -4.7667982942669305 
53 5 5
2.2408402762570354 -6.231166092797794 8.071910768509664 -5.653490298932416 4.9223988454916 
-1.4476696702454537 -6.474166830987114 0.34718162050213985 5.167831750545307 0.7092342598676145 
-5.70455653941997 0.6708225325446113 -2.8638087435024246 -3.586661485181126 7.740679261792355 
0.954940361346817 0.4370787216865062 -3.4248565635257084 -3.176943803782734 -4.557242022671633 
-9.06294612743988 8.109346354993248 3.1502848533509984 -0.17800556821286362 -6.330316194624471 
54 2 5
2.2408402762570354 -6.231166092797794 8.071910768509664 -5.653490298932416 4.9223988454916 
-1.4476696702454537 -6.474166830987114 0.34718162050213985 5.167831750545307 0.7092342598676145 
55 2 5
0.954940361346817 0.4370787216865062 -3.4248565635257084 -3.176943803782734 -4.557242022671633 
-9.06294612743988 8.109346354993248 3.1502848533509984 -0.17800556821286362 -6.330316194624471 
56 11 5
-6.996559025383169 0.3718970218796418 1.953838416514671 -3.7108499323447415 -5.90450227112816 
-5.201015023141282 3.3248566240437465 9.430838837976964 -7.689399199232913 4.173919694148873 
2.84162427152898 6.695875239194209 -7.594231956238499 4.204209556146933 8.70833570996535 
0.5620241036743994 3.7026820928188613 6.8298357018502225 -0.6226948067428535 -1.4815825743541993 
6.5287570580053345 10.038894820840206 -5.13629447661116 9.473455733293797 0.6455751420010656 
-2.726942280143944 0.4227407947194899 2.1651815883296215 9.650162863356904 -7.789918839196288 
-1.0639517868433948 1.1133181618365775 -8.599004700330756 -2.629247795325264 -6.954457036265712 
3.749804446240351 8.524504512085649 6.782810255178102 3.2643145202863937 3.8373314817695756 
-2.3132060819435343 -2.9054410668943156 9.36060180730079 -9.741970689036732 -6.055850066746839 
3.5660019319819845 -7.4977324272829335 -4.397886050105548 6.864860675145675 -4.474459828785626 
4.840606895103417 3.458964068768949 -7.631252648149244 2.1653781272223154 3.2787344052517935 
57 5 5
-6.996559025383169 0.3718970218796418 1.953838416514671 -3.7108499323447415 -5.90450227112816 
-5.201015023141282 3.3248566240437465 9.430838837976964 -7.689399199232913 4.173919694148873 
2.84162427152898 6.695875239194209 -7.594231956238499 4.204209556146933 8.70833570996535 
0.5620241036743994 3.7026820928188613 6.8298357018502225 -0.6226948067428535 -1.4815825743541993 
6.5287570580053345 10.038894820840206 -5.13629447661116 9.473455733293797 0.6455751420010656 
58 2 5
-6.996559025383169 0.3718970218796418 1.953838416514671 -3.7108499323447415 -5.90450227112816 
-5.201015023141282 3.3248566240437465 9.430838837976964 -7.689399199232913 4.173919694148873 
59 2 5
0.5620241036743994 3.7026820928188613 6.8298357018502225 -0.6226948067428535 -1.4815825743541993 
6.5287570580053345 10.038894820840206 -5.13629447661116 9.473455733293797 0.6455751420010656 
60 5 5
-1.0639517868433948 1.1133181618365775 -8.599004700330756 -2.629247795325264 -6.954457036265712 
3.749804446240351 8.524504512085649 6.782810255178102 3.2643145202863937 3.8373314817695756 
-2.3132060819435343 -2.9054410668943156 9.36060180730079 -9.741970689036732 -6.055850066746839 
3.5660019319819845 -7.4977324272829335 -4.397886050105548 6.864860675145675 -4.474459828785626 
4.840606895103417 3.458964068768949 -7.631252648149244 2.1653781272223154 3.2787344052517935 
61 2 5
-1.0639517868433948 1.1133181618365775 -8.599004700330756 -2.629247795325264 -6.954457036265712 
3.749804446240351 8.524504512085649 6.782810255178102 3.2643145202863937 3.8373314817695756 
62 2 5
3.5660019319819845 -7.4977324272829335 -4.397886050105548 6.864860675145675 -4.474459828785626 
4.840606895103417 3.458964068768949 -7.631252648149244 2.1653781272223154 3.2787344052517935 
