100 5 4
477152
128145
50 5 3
132040
31046
25 5 2
29008
12066
12 5 2
4787
4258
6 5 1
1073
1696
3 5 1
279
610
2 5 1
45
403
5 5 2
777
1242
2 5 1
45
425
2 5 1
47
433
12 5 2
4149
3951
6 5 1
1027
1333
3 5 1
256
584
2 5 1
46
427
5 5 1
745
1292
2 5 1
59
411
2 5 1
49
404
24 5 2
19343
8802
12 5 2
4337
3652
6 5 1
1062
1552
3 5 1
268
729
2 5 1
48
431
5 5 2
777
1330
2 5 1
48
421
2 5 1
47
416
11 5 1
4743
3049
5 5 1
862
1100
2 5 1
45
426
2 5 1
45
399
5 5 1
780
939
2 5 1
52
390
2 5 1
43
403
49 5 3
78413
26984
24 5 3
15155
9210
12 5 2
4573
3563
6 5 1
1162
1415
3 5 1
285
583
2 5 1
50
422
5 5 1
791
993
2 5 1
48
419
2 5 1
49
392
11 5 2
3291
3199
5 5 2
815
1267
2 5 1
47
410
2 5 1
49
392
5 5 1
736
1077
2 5 1
49
399
2 5 1
45
390
24 5 2
15188
10029
12 5 2
4166
4079
6 5 1
1081
1452
3 5 1
273
700
2 5 1
47
431
5 5 1
665
1066
2 5 1
47
392
2 5 1
43
396
11 5 2
3384
3480
5 5 2
767
1158
2 5 1
48
389
2 5 1
48
407
5 5 2
768
1359
2 5 2
49
517
2 5 1
46
426
