0 100 5 131221000 1024 4
1 50 5 127167000 4096 3
2 25 5 197696000 16384 2
3 12 5 139551000 32768 2
4 6 5 111210000 65536 1
5 3 5 160029000 262144 1
6 2 5 105707000 262144 1
7 5 5 162798000 131072 2
8 2 5 111613000 262144 1
9 2 5 113579000 262144 1
10 12 5 129490000 32768 2
11 6 5 174722000 131072 1
12 3 5 153121000 262144 1
13 2 5 112072000 262144 1
14 5 5 169404000 131072 1
15 2 5 107774000 262144 1
16 2 5 106019000 262144 1
17 24 5 144212000 16384 2
18 12 5 119682000 32768 2
19 6 5 203538000 131072 1
20 3 5 191287000 262144 1
21 2 5 112997000 262144 1
22 5 5 174431000 131072 2
23 2 5 110429000 262144 1
24 2 5 109275000 262144 1
25 11 5 199871000 65536 1
26 5 5 144250000 131072 1
27 2 5 111828000 262144 1
28 2 5 104624000 262144 1
29 5 5 123129000 131072 1
30 2 5 102237000 262144 1
31 2 5 105811000 262144 1
32 49 5 110527000 4096 3
33 24 5 150903000 16384 3
34 12 5 116764000 32768 2
35 6 5 185477000 131072 1
36 3 5 152863000 262144 1
37 2 5 110849000 262144 1
38 5 5 130159000 131072 1
39 2 5 109847000 262144 1
40 2 5 102878000 262144 1
41 11 5 104832000 32768 2
42 5 5 166092000 131072 2
43 2 5 107708000 262144 1
44 2 5 102994000 262144 1
45 5 5 141213000 131072 1
46 2 5 104834000 262144 1
47 2 5 102498000 262144 1
48 24 5 164328000 16384 2
49 12 5 133667000 32768 2
50 6 5 190357000 131072 1
51 3 5 183711000 262144 1
52 2 5 113214000 262144 1
53 5 5 139787000 131072 1
54 2 5 102937000 262144 1
55 2 5 103884000 262144 1
56 11 5 114036000 32768 2
57 5 5 151805000 131072 2
58 2 5 102226000 262144 1
59 2 5 106816000 262144 1
60 5 5 178235000 131072 2
61 2 5 135631000 262144 2
62 2 5 111862000 262144 1
