0 100 5
0.24723176648222706 0.20124708380658135 0.24538277275805928 0.18765596836130655 0.04868502148534323 
0.23925415645725479 0.2636968717662687 0.2575024571808091 0.16535769086955623 0.16712862255839095 
0.5234550145036523 0.11318721277326652 0.15114446288379407 -0.0024723948723181927 0.2074402763004871 
0.49063497144070284 0.03742907698855355 0.09473599005661265 0.20167584858018667 0.24777938369547203 
0.43086506823694043 0.1979504348014695 -0.015246322395943646 -0.03707773529495391 0.19073211092302128 
0.08837380050662316 0.15954690144250724 0.33582966903043565 0.18750972600174465 0.2506388597108883 
0.1599049040135992 0.06757192794993987 0.07653675770495844 0.18786915678165095 0.4127814541922582 
0.16952873335170007 0.18410165908593248 0.314723869664302 0.29034794368605316 0.23264453191167045 
0.2730350333830999 0.3240627374495368 0.2969952630425169 0.12493345107258962 0.06835258262333371 
0.1629060511471716 -0.034770549794365724 0.09089710461475975 0.16822311610696014 0.5746538526110722 
0.18231781510785136 0.038432690883036066 -0.03348717734938236 0.20456749115771902 0.5861437779280992 
0.16697279504593024 0.157883575947213 0.2618057785387309 0.17908022939144186 0.20251244374816543 
0.49739969664040956 -0.0036529377823334847 0.12529281393088637 0.2108430007390385 0.34382393239272424 
0.23291756264037822 0.34473606424990916 0.18472650108065514 0.15426032646061433 0.09408536986213142 
0.4462068533211478 0.018908184136909978 0.05502780583402245 0.06596864002921049 0.3021713052824829 
0.06127894408810961 0.027125213027139834 0.18754552544852526 0.29718272665572465 0.4591635854596708 
0.22687493306828616 0.3033423891495167 0.3045597457513219 0.05662470902199254 0.18830874470996184 
0.23431609860422634 0.025095490300070855 0.09183621340770176 0.13608629078389115 0.49303498413079283 
0.5569200170883409 0.05549446995785397 0.03871294640798155 0.20930241662322374 0.21973991679238242 
0.48939917986777975 0.21405051808344122 0.14115573241456064 0.117030566531976 0.1412500904223455 
0.23759071436830795 0.18621251297743743 0.34885796043937256 0.10986980018366607 0.11118798780157105 
0.42962518529096466 0.06085875451262261 0.02697686910548453 0.11342474978809922 0.21744394142674425 
0.40650858571167703 0.2397975981753971 0.1225087102258636 -0.03452278564015343 0.17266040012261863 
0.18321888014749316 0.04107847948796406 0.20377771468004707 0.247436054689175 0.17334851676913132 
0.2345203072184622 0.1781713966876683 0.21990593685869303 0.04126361982762644 0.14537519904679858 
0.15778563028501655 0.19259306559455927 0.09389155835842669 0.1286423968089116 0.23132185548138257 
0.19818954422565435 0.0508822109704848 0.19126167751322726 0.189857253129656 0.29097489379973673 
0.43699412446636365 0.23878348767500973 0.05274886477795142 -0.031222634764822663 0.08393143203152158 
0.2332124993166598 0.17075270249437713 0.27292079174282635 0.0887323011811304 0.1607367995781262 
0.02425948567001774 -0.026048793319100802 0.07522382366735585 0.2715313661018539 0.5245876575790007 
0.15503899732577997 0.33572232268158164 0.048551149402904184 0.1975634337879527 0.31530385159519353 
0.19207206971714486 0.05070562963964818 0.14365667430907397 0.18191145076819937 0.5832794935980588 
0.05803318028700352 0.10273044108843672 0.06764228093105379 0.11141402013956654 0.4849703038697294 
0.041501160290693145 0.11473460077981465 0.28311078613370566 0.2225371912099742 0.2905953936261828 
0.5886551022575754 0.17092443511249394 0.04623777209380124 0.03562823035832516 0.05205245814172567 
0.5619473822607549 0.25869882515540876 0.16301746514559262 -0.0029996739497238772 0.1480198819149044 
0.04954949548954751 0.17628667484587615 0.19273821050364565 0.1675234171501531 0.5497688449032571 
0.1948994938962833 0.19146984845950468 0.295662886149847 0.14620594343410626 0.1377063271004935 
0.3013806175820104 0.14830716285656256 0.10420326201703153 0.30187389552496535 0.2838868273317765 
0.5388717018727868 0.15973096687082755 0.10070703703737527 0.048731427550502124 0.1583908801049025 
0.4871660465926714 0.04506126557029423 0.15589221052950747 0.18584183645681898 0.2248269290853479 
0.30558355662658326 0.19987008894214728 0.20394564425568998 0.12260072058669591 0.05180807915211649 
0.28727669422106683 0.0825857081701172 0.001976792773012187 -0.033327499103233835 0.42274200332488626 
0.49764734498313956 0.18852701013635137 0.06880955048465079 0.06601432995348566 0.03999656484652822 
0.15284942858984316 0.2525077514415496 0.33972655283663944 0.11248012551014594 0.07821887310042769 
0.16402406129514008 0.04015402986753533 0.11224301033223871 0.08666439622315508 0.5354704496222226 
0.1573911672132759 0.1388235250091017 0.22492009958518955 0.24378531465483078 0.4217252559227381 
0.15540031030279428 0.037672458703662245 0.33983986151585865 0.33458766886585856 0.2487295497795391 
0.18775378827305408 0.10151849366371343 0.09031410523912092 0.3077248047618863 0.23390806162366934 
0.16715141230422803 0.14904717107138504 0.12129593830166448 0.2964819007888086 0.23946668729412451 
0.16896605805176543 0.33297759732607096 0.2173700275523819 0.177768051453235 0.2726297454816552 
0.2580418860099093 0.10277116264832828 0.17983380770034768 0.34507163167740335 0.2182038411562553 
0.22578674052629155 0.0325712806509066 0.11538512656390484 0.09219242485010831 0.4856215800798137 
0.2567502687498947 0.15889121145945853 0.1673738169720888 0.32112203067253814 0.3486780639681954 
0.22358070047027517 0.22077778455919084 0.05861378016774754 0.030467657534185427 0.4323752618576507 
0.15729210661881787 0.18747805917517824 0.0480898106495921 0.07935304743987286 0.43845391135948475 
0.1516314749020277 0.202688676064887 0.17343622590146346 0.34718104719192927 0.3210514032114494 
0.42817983328209197 0.17463923903689155 -0.010549539424292445 0.12721524615166419 0.2869385715025864 
0.19082832064394123 -0.029155205478886906 -0.027701375323318206 0.3079253361489453 0.4695441876407549 
0.16655243439639508 0.21670394767514872 0.23788433361417344 0.0797915085229111 0.09032015270666618 
0.13796755063715263 -0.033709650072219585 0.22030028972488816 0.23602183046167408 0.46131994651885766 
0.19350788525618878 0.03861583885504877 0.189920514901143 0.2506505418789556 0.16416577333777368 
0.18697558136392348 0.1673653994834399 0.3433544686231593 0.18403953414970065 0.22628251238557504 
0.214579097361349 0.0010159819625284103 0.1287727695123338 0.33108670264024237 0.5218549237734448 
0.192609275457935 0.06155791919454549 0.04633778116261511 0.18139774192802657 0.1528742109968456 
0.19193585204556088 0.20077287597861615 0.053706116375474136 0.15325096779962188 0.25416273001930983 
0.19215609179330345 0.1433075330333208 0.061234233400468865 0.22363176990814854 0.4261871846490335 
0.5028225124439817 0.14623410323835373 0.03612640470268169 0.05124855901869287 0.28374750588349196 
0.2785073478675396 0.07722060515714353 -0.027238615221315973 0.08301053750197851 0.537449433958119 
0.10543108883289727 0.09127315233257616 0.1962676248617362 0.1840140302960214 0.4377651673032571 
0.5750004938998183 0.33207200352114197 0.05925349459187974 0.022597133856601066 0.08790277347836231 
0.2654623728735746 0.23445027303057425 0.13984509975025933 0.04846341470642698 0.29018030537379125 
0.433035758777722 0.08970928228327846 0.20470750175087132 0.11564113216978829 0.0704696739244651 
0.1837717776998013 0.3025858623784353 0.19794657903050628 0.065479688095293 0.29854691753435886 
0.4352072311307893 0.34364163627459876 0.13953745026068992 0.01661042038677809 0.08950180795275402 
0.4305820061361881 0.3411738279336055 -0.010775460585806737 0.029750998530389407 0.20219274656976108 
0.4577127231907766 0.3069155223705504 0.14901971057023158 -0.0029373946855096728 0.14672930824213506 
0.560748743154225 -0.007620816035106934 -0.03726722495226016 0.15801524922155957 0.2420859269093584 
0.5349097883307532 0.13320268440260707 0.1865598724238504 0.19989795390463977 0.13282491620074796 
0.03658965595846872 0.16053288629386686 0.11474579664497372 0.30765856929309143 0.46754325075297987 
0.1504808355354721 0.11983118419400199 0.13381083638299052 0.3334291565704241 0.4494260112165459 
0.30205770180691044 0.2163469947034964 0.13896161191843748 0.16828306078092775 0.1998320170573307 
0.4437975785249436 0.08587739847807477 0.19198519239104606 0.16687407967312556 0.1173082757564948 
0.26990840276257033 0.06143833907202205 0.14259410768509664 0.005340097010675837 0.544223988454916 
0.04739830329754546 -0.0028666683098711454 0.1272218162050214 0.2991783175054531 0.5020923425986762 
0.1904544346058003 0.2542082253254461 0.09511191256497575 0.08788338514818875 0.32490679261792355 
0.13329940361346818 0.12812078721686507 0.08950143436474292 0.09198056196217266 0.4494275797732837 
0.03312053872560121 0.2048434635499325 0.27900284853351 0.24571994431787136 0.18419683805375528 
0.2540695538055844 0.1728181513442408 0.1568971581242561 0.16414789484545844 0.04769959629012707 
0.4250344097461683 0.1274689702187964 0.14328838416514672 0.08664150067655257 0.06470497728871841 
0.07173984976858719 0.15699856624043745 0.21805838837976965 0.04685600800767087 0.5367391969414887 
0.1521662427152898 0.1907087523919421 0.171557680437615 0.2895420955614693 0.3345833570996535 
0.129370241036744 0.16077682092818862 0.19204835701850223 0.11752305193257147 0.480184174256458 
0.18903757058005335 0.22413894820840208 0.1961370552338884 0.34223455733293795 0.25395575142001064 
0.22023057719856057 0.1279774079471949 0.1454018158832962 0.34400162863356903 0.16960081160803714 
0.23686048213156605 0.07300818161836578 -0.024115047003307563 0.09745752204674736 0.4254554296373429 
0.2849980444624035 0.3327450451208565 0.19157810255178104 0.15639314520286393 0.28587331481769573 
0.22436793918056466 0.21844558933105684 0.21735601807300792 0.026330293109632683 0.18694149933253162 
0.2831600193198198 0.17252267572717067 0.20352113949894451 0.19239860675145676 0.07900540171214374 
0.29590606895103416 0.2820896406876895 0.17118747351850755 0.14540378127222314 0.15653734405251793 
1 50 5
0.24723176648222706 0.20124708380658135 0.24538277275805928 0.18765596836130655 0.04868502148534323 
0.23925415645725479 0.2636968717662687 0.2575024571808091 0.16535769086955623 0.16712862255839095 
0.5234550145036523 0.11318721277326652 0.15114446288379407 -0.0024723948723181927 0.2074402763004871 
0.49063497144070284 0.03742907698855355 0.09473599005661265 0.20167584858018667 0.24777938369547203 
0.43086506823694043 0.1979504348014695 -0.015246322395943646 -0.03707773529495391 0.19073211092302128 
0.08837380050662316 0.15954690144250724 0.33582966903043565 0.18750972600174465 0.2506388597108883 
0.1599049040135992 0.06757192794993987 0.07653675770495844 0.18786915678165095 0.4127814541922582 
0.16952873335170007 0.18410165908593248 0.314723869664302 0.29034794368605316 0.23264453191167045 
0.2730350333830999 0.3240627374495368 0.2969952630425169 0.12493345107258962 0.06835258262333371 
0.1629060511471716 -0.034770549794365724 0.09089710461475975 0.16822311610696014 0.5746538526110722 
0.18231781510785136 0.038432690883036066 -0.03348717734938236 0.20456749115771902 0.5861437779280992 
0.16697279504593024 0.157883575947213 0.2618057785387309 0.17908022939144186 0.20251244374816543 
0.49739969664040956 -0.0036529377823334847 0.12529281393088637 0.2108430007390385 0.34382393239272424 
0.23291756264037822 0.34473606424990916 0.18472650108065514 0.15426032646061433 0.09408536986213142 
0.4462068533211478 0.018908184136909978 0.05502780583402245 0.06596864002921049 0.3021713052824829 
0.06127894408810961 0.027125213027139834 0.18754552544852526 0.29718272665572465 0.4591635854596708 
0.22687493306828616 0.3033423891495167 0.3045597457513219 0.05662470902199254 0.18830874470996184 
0.23431609860422634 0.025095490300070855 0.09183621340770176 0.13608629078389115 0.49303498413079283 
0.5569200170883409 0.05549446995785397 0.03871294640798155 0.20930241662322374 0.21973991679238242 
0.48939917986777975 0.21405051808344122 0.14115573241456064 0.117030566531976 0.1412500904223455 
0.23759071436830795 0.18621251297743743 0.34885796043937256 0.10986980018366607 0.11118798780157105 
0.42962518529096466 0.06085875451262261 0.02697686910548453 0.11342474978809922 0.21744394142674425 
0.40650858571167703 0.2397975981753971 0.1225087102258636 -0.03452278564015343 0.17266040012261863 
0.18321888014749316 0.04107847948796406 0.20377771468004707 0.247436054689175 0.17334851676913132 
0.2345203072184622 0.1781713966876683 0.21990593685869303 0.04126361982762644 0.14537519904679858 
0.15778563028501655 0.19259306559455927 0.09389155835842669 0.1286423968089116 0.23132185548138257 
0.19818954422565435 0.0508822109704848 0.19126167751322726 0.189857253129656 0.29097489379973673 
0.43699412446636365 0.23878348767500973 0.05274886477795142 -0.031222634764822663 0.08393143203152158 
0.2332124993166598 0.17075270249437713 0.27292079174282635 0.0887323011811304 0.1607367995781262 
0.02425948567001774 -0.026048793319100802 0.07522382366735585 0.2715313661018539 0.5245876575790007 
0.15503899732577997 0.33572232268158164 0.048551149402904184 0.1975634337879527 0.31530385159519353 
0.19207206971714486 0.05070562963964818 0.14365667430907397 0.18191145076819937 0.5832794935980588 
0.05803318028700352 0.10273044108843672 0.06764228093105379 0.11141402013956654 0.4849703038697294 
0.041501160290693145 0.11473460077981465 0.28311078613370566 0.2225371912099742 0.2905953936261828 
0.5886551022575754 0.17092443511249394 0.04623777209380124 0.03562823035832516 0.05205245814172567 
0.5619473822607549 0.25869882515540876 0.16301746514559262 -0.0029996739497238772 0.1480198819149044 
0.04954949548954751 0.17628667484587615 0.19273821050364565 0.1675234171501531 0.5497688449032571 
0.1948994938962833 0.19146984845950468 0.295662886149847 0.14620594343410626 0.1377063271004935 
0.3013806175820104 0.14830716285656256 0.10420326201703153 0.30187389552496535 0.2838868273317765 
0.5388717018727868 0.15973096687082755 0.10070703703737527 0.048731427550502124 0.1583908801049025 
0.4871660465926714 0.04506126557029423 0.15589221052950747 0.18584183645681898 0.2248269290853479 
0.30558355662658326 0.19987008894214728 0.20394564425568998 0.12260072058669591 0.05180807915211649 
0.28727669422106683 0.0825857081701172 0.001976792773012187 -0.033327499103233835 0.42274200332488626 
0.49764734498313956 0.18852701013635137 0.06880955048465079 0.06601432995348566 0.03999656484652822 
0.15284942858984316 0.2525077514415496 0.33972655283663944 0.11248012551014594 0.07821887310042769 
0.16402406129514008 0.04015402986753533 0.11224301033223871 0.08666439622315508 0.5354704496222226 
0.1573911672132759 0.1388235250091017 0.22492009958518955 0.24378531465483078 0.4217252559227381 
0.15540031030279428 0.037672458703662245 0.33983986151585865 0.33458766886585856 0.2487295497795391 
0.18775378827305408 0.10151849366371343 0.09031410523912092 0.3077248047618863 0.23390806162366934 
0.16715141230422803 0.14904717107138504 0.12129593830166448 0.2964819007888086 0.23946668729412451 
2 25 5
0.24723176648222706 0.20124708380658135 0.24538277275805928 0.18765596836130655 0.04868502148534323 
0.23925415645725479 0.2636968717662687 0.2575024571808091 0.16535769086955623 0.16712862255839095 
0.5234550145036523 0.11318721277326652 0.15114446288379407 -0.0024723948723181927 0.2074402763004871 
0.49063497144070284 0.03742907698855355 0.09473599005661265 0.20167584858018667 0.24777938369547203 
0.43086506823694043 0.1979504348014695 -0.015246322395943646 -0.03707773529495391 0.19073211092302128 
0.08837380050662316 0.15954690144250724 0.33582966903043565 0.18750972600174465 0.2506388597108883 
0.1599049040135992 0.06757192794993987 0.07653675770495844 0.18786915678165095 0.4127814541922582 
0.16952873335170007 0.18410165908593248 0.314723869664302 0.29034794368605316 0.23264453191167045 
0.2730350333830999 0.3240627374495368 0.2969952630425169 0.12493345107258962 0.06835258262333371 
0.1629060511471716 -0.034770549794365724 0.09089710461475975 0.16822311610696014 0.5746538526110722 
0.18231781510785136 0.038432690883036066 -0.03348717734938236 0.20456749115771902 0.5861437779280992 
0.16697279504593024 0.157883575947213 0.2618057785387309 0.17908022939144186 0.20251244374816543 
0.49739969664040956 -0.0036529377823334847 0.12529281393088637 0.2108430007390385 0.34382393239272424 
0.23291756264037822 0.34473606424990916 0.18472650108065514 0.15426032646061433 0.09408536986213142 
0.4462068533211478 0.018908184136909978 0.05502780583402245 0.06596864002921049 0.3021713052824829 
0.06127894408810961 0.027125213027139834 0.18754552544852526 0.29718272665572465 0.4591635854596708 
0.22687493306828616 0.3033423891495167 0.3045597457513219 0.05662470902199254 0.18830874470996184 
0.23431609860422634 0.025095490300070855 0.09183621340770176 0.13608629078389115 0.49303498413079283 
0.5569200170883409 0.05549446995785397 0.03871294640798155 0.20930241662322374 0.21973991679238242 
0.48939917986777975 0.21405051808344122 0.14115573241456064 0.117030566531976 0.1412500904223455 
0.23759071436830795 0.18621251297743743 0.34885796043937256 0.10986980018366607 0.11118798780157105 
0.42962518529096466 0.06085875451262261 0.02697686910548453 0.11342474978809922 0.21744394142674425 
0.40650858571167703 0.2397975981753971 0.1225087102258636 -0.03452278564015343 0.17266040012261863 
0.18321888014749316 0.04107847948796406 0.20377771468004707 0.247436054689175 0.17334851676913132 
0.2345203072184622 0.1781713966876683 0.21990593685869303 0.04126361982762644 0.14537519904679858 
3 12 5
0.24723176648222706 0.20124708380658135 0.24538277275805928 0.18765596836130655 0.04868502148534323 
0.23925415645725479 0.2636968717662687 0.2575024571808091 0.16535769086955623 0.16712862255839095 
0.5234550145036523 0.11318721277326652 0.15114446288379407 -0.0024723948723181927 0.2074402763004871 
0.49063497144070284 0.03742907698855355 0.09473599005661265 0.20167584858018667 0.24777938369547203 
0.43086506823694043 0.1979504348014695 -0.015246322395943646 -0.03707773529495391 0.19073211092302128 
0.08837380050662316 0.15954690144250724 0.33582966903043565 0.18750972600174465 0.2506388597108883 
0.1599049040135992 0.06757192794993987 0.07653675770495844 0.18786915678165095 0.4127814541922582 
0.16952873335170007 0.18410165908593248 0.314723869664302 0.29034794368605316 0.23264453191167045 
0.2730350333830999 0.3240627374495368 0.2969952630425169 0.12493345107258962 0.06835258262333371 
0.1629060511471716 -0.034770549794365724 0.09089710461475975 0.16822311610696014 0.5746538526110722 
0.18231781510785136 0.038432690883036066 -0.03348717734938236 0.20456749115771902 0.5861437779280992 
0.16697279504593024 0.157883575947213 0.2618057785387309 0.17908022939144186 0.20251244374816543 
4 6 5
0.24723176648222706 0.20124708380658135 0.24538277275805928 0.18765596836130655 0.04868502148534323 
0.23925415645725479 0.2636968717662687 0.2575024571808091 0.16535769086955623 0.16712862255839095 
0.5234550145036523 0.11318721277326652 0.15114446288379407 -0.0024723948723181927 0.2074402763004871 
0.49063497144070284 0.03742907698855355 0.09473599005661265 0.20167584858018667 0.24777938369547203 
0.43086506823694043 0.1979504348014695 -0.015246322395943646 -0.03707773529495391 0.19073211092302128 
0.08837380050662316 0.15954690144250724 0.33582966903043565 0.18750972600174465 0.2506388597108883 
5 3 5
0.24723176648222706 0.20124708380658135 0.24538277275805928 0.18765596836130655 0.04868502148534323 
0.23925415645725479 0.2636968717662687 0.2575024571808091 0.16535769086955623 0.16712862255839095 
0.5234550145036523 0.11318721277326652 0.15114446288379407 -0.0024723948723181927 0.2074402763004871 
6 2 5
0.43086506823694043 0.1979504348014695 -0.015246322395943646 -0.03707773529495391 0.19073211092302128 
0.08837380050662316 0.15954690144250724 0.33582966903043565 0.18750972600174465 0.2506388597108883 
7 5 5
0.16952873335170007 0.18410165908593248 0.314723869664302 0.29034794368605316 0.23264453191167045 
0.2730350333830999 0.3240627374495368 0.2969952630425169 0.12493345107258962 0.06835258262333371 
0.1629060511471716 -0.034770549794365724 0.09089710461475975 0.16822311610696014 0.5746538526110722 
0.18231781510785136 0.038432690883036066 -0.03348717734938236 0.20456749115771902 0.5861437779280992 
0.16697279504593024 0.157883575947213 0.2618057785387309 0.17908022939144186 0.20251244374816543 
8 2 5
0.16952873335170007 0.18410165908593248 0.314723869664302 0.29034794368605316 0.23264453191167045 
0.2730350333830999 0.3240627374495368 0.2969952630425169 0.12493345107258962 0.06835258262333371 
9 2 5
0.18231781510785136 0.038432690883036066 -0.03348717734938236 0.20456749115771902 0.5861437779280992 
0.16697279504593024 0.157883575947213 0.2618057785387309 0.17908022939144186 0.20251244374816543 
10 12 5
0.23291756264037822 0.34473606424990916 0.18472650108065514 0.15426032646061433 0.09408536986213142 
0.4462068533211478 0.018908184136909978 0.05502780583402245 0.06596864002921049 0.3021713052824829 
0.06127894408810961 0.027125213027139834 0.18754552544852526 0.29718272665572465 0.4591635854596708 
0.22687493306828616 0.3033423891495167 0.3045597457513219 0.05662470902199254 0.18830874470996184 
0.23431609860422634 0.025095490300070855 0.09183621340770176 0.13608629078389115 0.49303498413079283 
0.5569200170883409 0.05549446995785397 0.03871294640798155 0.20930241662322374 0.21973991679238242 
0.48939917986777975 0.21405051808344122 0.14115573241456064 0.117030566531976 0.1412500904223455 
0.23759071436830795 0.18621251297743743 0.34885796043937256 0.10986980018366607 0.11118798780157105 
0.42962518529096466 0.06085875451262261 0.02697686910548453 0.11342474978809922 0.21744394142674425 
0.40650858571167703 0.2397975981753971 0.1225087102258636 -0.03452278564015343 0.17266040012261863 
0.18321888014749316 0.04107847948796406 0.20377771468004707 0.247436054689175 0.17334851676913132 
0.2345203072184622 0.1781713966876683 0.21990593685869303 0.04126361982762644 0.14537519904679858 
11 6 5
0.23291756264037822 0.34473606424990916 0.18472650108065514 0.15426032646061433 0.09408536986213142 
0.4462068533211478 0.018908184136909978 0.05502780583402245 0.06596864002921049 0.3021713052824829 
0.06127894408810961 0.027125213027139834 0.18754552544852526 0.29718272665572465 0.4591635854596708 
0.22687493306828616 0.3033423891495167 0.3045597457513219 0.05662470902199254 0.18830874470996184 
0.23431609860422634 0.025095490300070855 0.09183621340770176 0.13608629078389115 0.49303498413079283 
0.5569200170883409 0.05549446995785397 0.03871294640798155 0.20930241662322374 0.21973991679238242 
12 3 5
0.23291756264037822 0.34473606424990916 0.18472650108065514 0.15426032646061433 0.09408536986213142 
0.4462068533211478 0.018908184136909978 0.05502780583402245 0.06596864002921049 0.3021713052824829 
0.06127894408810961 0.027125213027139834 0.18754552544852526 0.29718272665572465 0.4591635854596708 
13 2 5
0.23431609860422634 0.025095490300070855 0.09183621340770176 0.13608629078389115 0.49303498413079283 
0.5569200170883409 0.05549446995785397 0.03871294640798155 0.20930241662322374 0.21973991679238242 
14 5 5
0.23759071436830795 0.18621251297743743 0.34885796043937256 0.10986980018366607 0.11118798780157105 
0.42962518529096466 0.06085875451262261 0.02697686910548453 0.11342474978809922 0.21744394142674425 
0.40650858571167703 0.2397975981753971 0.1225087102258636 -0.03452278564015343 0.17266040012261863 
0.18321888014749316 0.04107847948796406 0.20377771468004707 0.247436054689175 0.17334851676913132 
0.2345203072184622 0.1781713966876683 0.21990593685869303 0.04126361982762644 0.14537519904679858 
15 2 5
0.23759071436830795 0.18621251297743743 0.34885796043937256 0.10986980018366607 0.11118798780157105 
0.42962518529096466 0.06085875451262261 0.02697686910548453 0.11342474978809922 0.21744394142674425 
16 2 5
0.18321888014749316 0.04107847948796406 0.20377771468004707 0.247436054689175 0.17334851676913132 
0.2345203072184622 0.1781713966876683 0.21990593685869303 0.04126361982762644 0.14537519904679858 
17 24 5
0.19818954422565435 0.0508822109704848 0.19126167751322726 0.189857253129656 0.29097489379973673 
0.43699412446636365 0.23878348767500973 0.05274886477795142 -0.031222634764822663 0.08393143203152158 
0.2332124993166598 0.17075270249437713 0.27292079174282635 0.0887323011811304 0.1607367995781262 
0.02425948567001774 -0.026048793319100802 0.07522382366735585 0.2715313661018539 0.5245876575790007 
0.15503899732577997 0.33572232268158164 0.048551149402904184 0.1975634337879527 0.31530385159519353 
0.19207206971714486 0.05070562963964818 0.14365667430907397 0.18191145076819937 0.5832794935980588 
0.05803318028700352 0.10273044108843672 0.06764228093105379 0.11141402013956654 0.4849703038697294 
0.041501160290693145 0.11473460077981465 0.28311078613370566 0.2225371912099742 0.2905953936261828 
0.5886551022575754 0.17092443511249394 0.04623777209380124 0.03562823035832516 0.05205245814172567 
0.5619473822607549 0.25869882515540876 0.16301746514559262 -0.0029996739497238772 0.1480198819149044 
0.04954949548954751 0.17628667484587615 0.19273821050364565 0.1675234171501531 0.5497688449032571 
0.1948994938962833 0.19146984845950468 0.295662886149847 0.14620594343410626 0.1377063271004935 
0.3013806175820104 0.14830716285656256 0.10420326201703153 0.30187389552496535 0.2838868273317765 
0.5388717018727868 0.15973096687082755 0.10070703703737527 0.048731427550502124 0.1583908801049025 
0.4871660465926714 0.04506126557029423 0.15589221052950747 0.18584183645681898 0.2248269290853479 
0.30558355662658326 0.19987008894214728 0.20394564425568998 0.12260072058669591 0.05180807915211649 
0.28727669422106683 0.0825857081701172 0.001976792773012187 -0.033327499103233835 0.42274200332488626 
0.49764734498313956 0.18852701013635137 0.06880955048465079 0.06601432995348566 0.03999656484652822 
0.15284942858984316 0.2525077514415496 0.33972655283663944 0.11248012551014594 0.07821887310042769 
0.16402406129514008 0.04015402986753533 0.11224301033223871 0.08666439622315508 0.5354704496222226 
0.1573911672132759 0.1388235250091017 0.22492009958518955 0.24378531465483078 0.4217252559227381 
0.15540031030279428 0.037672458703662245 0.33983986151585865 0.33458766886585856 0.2487295497795391 
0.18775378827305408 0.10151849366371343 0.09031410523912092 0.3077248047618863 0.23390806162366934 
0.16715141230422803 0.14904717107138504 0.12129593830166448 0.2964819007888086 0.23946668729412451 
18 12 5
0.19818954422565435 0.0508822109704848 0.19126167751322726 0.189857253129656 0.29097489379973673 
0.43699412446636365 0.23878348767500973 0.05274886477795142 -0.031222634764822663 0.08393143203152158 
0.2332124993166598 0.17075270249437713 0.27292079174282635 0.0887323011811304 0.1607367995781262 
0.02425948567001774 -0.026048793319100802 0.07522382366735585 0.2715313661018539 0.5245876575790007 
0.15503899732577997 0.33572232268158164 0.048551149402904184 0.1975634337879527 0.31530385159519353 
0.19207206971714486 0.05070562963964818 0.14365667430907397 0.18191145076819937 0.5832794935980588 
0.05803318028700352 0.10273044108843672 0.06764228093105379 0.11141402013956654 0.4849703038697294 
0.041501160290693145 0.11473460077981465 0.28311078613370566 0.2225371912099742 0.2905953936261828 
0.5886551022575754 0.17092443511249394 0.04623777209380124 0.03562823035832516 0.05205245814172567 
0.5619473822607549 0.25869882515540876 0.16301746514559262 -0.0029996739497238772 0.1480198819149044 
0.04954949548954751 0.17628667484587615 0.19273821050364565 0.1675234171501531 0.5497688449032571 
0.1948994938962833 0.19146984845950468 0.295662886149847 0.14620594343410626 0.1377063271004935 
19 6 5
0.19818954422565435 0.0508822109704848 0.19126167751322726 0.189857253129656 0.29097489379973673 
0.43699412446636365 0.23878348767500973 0.05274886477795142 -0.031222634764822663 0.08393143203152158 
0.2332124993166598 0.17075270249437713 0.27292079174282635 0.0887323011811304 0.1607367995781262 
0.02425948567001774 -0.026048793319100802 0.07522382366735585 0.2715313661018539 0.5245876575790007 
0.15503899732577997 0.33572232268158164 0.048551149402904184 0.1975634337879527 0.31530385159519353 
0.19207206971714486 0.05070562963964818 0.14365667430907397 0.18191145076819937 0.5832794935980588 
20 3 5
0.19818954422565435 0.0508822109704848 0.19126167751322726 0.189857253129656 0.29097489379973673 
0.43699412446636365 0.23878348767500973 0.05274886477795142 -0.031222634764822663 0.08393143203152158 
0.2332124993166598 0.17075270249437713 0.27292079174282635 0.0887323011811304 0.1607367995781262 
21 2 5
0.15503899732577997 0.33572232268158164 0.048551149402904184 0.1975634337879527 0.31530385159519353 
0.19207206971714486 0.05070562963964818 0.14365667430907397 0.18191145076819937 0.5832794935980588 
22 5 5
0.041501160290693145 0.11473460077981465 0.28311078613370566 0.2225371912099742 0.2905953936261828 
0.5886551022575754 0.17092443511249394 0.04623777209380124 0.03562823035832516 0.05205245814172567 
0.5619473822607549 0.25869882515540876 0.16301746514559262 -0.0029996739497238772 0.1480198819149044 
0.04954949548954751 0.17628667484587615 0.19273821050364565 0.1675234171501531 0.5497688449032571 
0.1948994938962833 0.19146984845950468 0.295662886149847 0.14620594343410626 0.1377063271004935 
23 2 5
0.041501160290693145 0.11473460077981465 0.28311078613370566 0.2225371912099742 0.2905953936261828 
0.5886551022575754 0.17092443511249394 0.04623777209380124 0.03562823035832516 0.05205245814172567 
24 2 5
0.04954949548954751 0.17628667484587615 0.19273821050364565 0.1675234171501531 0.5497688449032571 
0.1948994938962833 0.19146984845950468 0.295662886149847 0.14620594343410626 0.1377063271004935 
25 11 5
0.5388717018727868 0.15973096687082755 0.10070703703737527 0.048731427550502124 0.1583908801049025 
0.4871660465926714 0.04506126557029423 0.15589221052950747 0.18584183645681898 0.2248269290853479 
0.30558355662658326 0.19987008894214728 0.20394564425568998 0.12260072058669591 0.05180807915211649 
0.28727669422106683 0.0825857081701172 0.001976792773012187 -0.033327499103233835 0.42274200332488626 
0.49764734498313956 0.18852701013635137 0.06880955048465079 0.06601432995348566 0.03999656484652822 
0.15284942858984316 0.2525077514415496 0.33972655283663944 0.11248012551014594 0.07821887310042769 
0.16402406129514008 0.04015402986753533 0.11224301033223871 0.08666439622315508 0.5354704496222226 
0.1573911672132759 0.1388235250091017 0.22492009958518955 0.24378531465483078 0.4217252559227381 
0.15540031030279428 0.037672458703662245 0.33983986151585865 0.33458766886585856 0.2487295497795391 
0.18775378827305408 0.10151849366371343 0.09031410523912092 0.3077248047618863 0.23390806162366934 
0.16715141230422803 0.14904717107138504 0.12129593830166448 0.2964819007888086 0.23946668729412451 
26 5 5
0.5388717018727868 0.15973096687082755 0.10070703703737527 0.048731427550502124 0.1583908801049025 
0.4871660465926714 0.04506126557029423 0.15589221052950747 0.18584183645681898 0.2248269290853479 
0.30558355662658326 0.19987008894214728 0.20394564425568998 0.12260072058669591 0.05180807915211649 
0.28727669422106683 0.0825857081701172 0.001976792773012187 -0.033327499103233835 0.42274200332488626 
0.49764734498313956 0.18852701013635137 0.06880955048465079 0.06601432995348566 0.03999656484652822 
27 2 5
0.5388717018727868 0.15973096687082755 0.10070703703737527 0.048731427550502124 0.1583908801049025 
0.4871660465926714 0.04506126557029423 0.15589221052950747 0.18584183645681898 0.2248269290853479 
28 2 5
0.28727669422106683 0.0825857081701172 0.001976792773012187 -0.033327499103233835 0.42274200332488626 
0.49764734498313956 0.18852701013635137 0.06880955048465079 0.06601432995348566 0.03999656484652822 
29 5 5
0.16402406129514008 0.04015402986753533 0.11224301033223871 0.08666439622315508 0.5354704496222226 
0.1573911672132759 0.1388235250091017 0.22492009958518955 0.24378531465483078 0.4217252559227381 
0.15540031030279428 0.037672458703662245 0.33983986151585865 0.33458766886585856 0.2487295497795391 
0.18775378827305408 0.10151849366371343 0.09031410523912092 0.3077248047618863 0.23390806162366934 
0.16715141230422803 0.14904717107138504 0.12129593830166448 0.2964819007888086 0.23946668729412451 
30 2 5
0.16402406129514008 0.04015402986753533 0.11224301033223871 0.08666439622315508 0.5354704496222226 
0.1573911672132759 0.1388235250091017 0.22492009958518955 0.24378531465483078 0.4217252559227381 
31 2 5
0.18775378827305408 0.10151849366371343 0.09031410523912092 0.3077248047618863 0.23390806162366934 
0.16715141230422803 0.14904717107138504 0.12129593830166448 0.2964819007888086 0.23946668729412451 
32 49 5
0.2580418860099093 0.10277116264832828 0.17983380770034768 0.34507163167740335 0.2182038411562553 
0.22578674052629155 0.0325712806509066 0.11538512656390484 0.09219242485010831 0.4856215800798137 
0.2567502687498947 0.15889121145945853 0.1673738169720888 0.32112203067253814 0.3486780639681954 
0.22358070047027517 0.22077778455919084 0.05861378016774754 0.030467657534185427 0.4323752618576507 
0.15729210661881787 0.18747805917517824 0.0480898106495921 0.07935304743987286 0.43845391135948475 
0.1516314749020277 0.202688676064887 0.17343622590146346 0.34718104719192927 0.3210514032114494 
0.42817983328209197 0.17463923903689155 -0.010549539424292445 0.12721524615166419 0.2869385715025864 
0.19082832064394123 -0.029155205478886906 -0.027701375323318206 0.3079253361489453 0.4695441876407549 
0.16655243439639508 0.21670394767514872 0.23788433361417344 0.0797915085229111 0.09032015270666618 
0.13796755063715263 -0.033709650072219585 0.22030028972488816 0.23602183046167408 0.46131994651885766 
0.19350788525618878 0.03861583885504877 0.189920514901143 0.2506505418789556 0.16416577333777368 
0.18697558136392348 0.1673653994834399 0.3433544686231593 0.18403953414970065 0.22628251238557504 
0.214579097361349 0.0010159819625284103 0.1287727695123338 0.33108670264024237 0.5218549237734448 
0.192609275457935 0.06155791919454549 0.04633778116261511 0.18139774192802657 0.1528742109968456 
0.19193585204556088 0.20077287597861615 0.053706116375474136 0.15325096779962188 0.25416273001930983 
0.19215609179330345 0.1433075330333208 0.061234233400468865 0.22363176990814854 0.4261871846490335 
0.5028225124439817 0.14623410323835373 0.03612640470268169 0.05124855901869287 0.28374750588349196 
0.2785073478675396 0.07722060515714353 -0.027238615221315973 0.08301053750197851 0.537449433958119 
0.10543108883289727 0.09127315233257616 0.1962676248617362 0.1840140302960214 0.4377651673032571 
0.5750004938998183 0.33207200352114197 0.05925349459187974 0.022597133856601066 0.08790277347836231 
0.2654623728735746 0.23445027303057425 0.13984509975025933 0.04846341470642698 0.29018030537379125 
0.433035758777722 0.08970928228327846 0.20470750175087132 0.11564113216978829 0.0704696739244651 
0.1837717776998013 0.3025858623784353 0.19794657903050628 0.065479688095293 0.29854691753435886 
0.4352072311307893 0.34364163627459876 0.13953745026068992 0.01661042038677809 0.08950180795275402 
0.4305820061361881 0.3411738279336055 -0.010775460585806737 0.029750998530389407 0.20219274656976108 
0.4577127231907766 0.3069155223705504 0.14901971057023158 -0.0029373946855096728 0.14672930824213506 
0.560748743154225 -0.007620816035106934 -0.03726722495226016 0.15801524922155957 0.2420859269093584 
0.5349097883307532 0.13320268440260707 0.1865598724238504 0.19989795390463977 0.13282491620074796 
0.03658965595846872 0.16053288629386686 0.11474579664497372 0.30765856929309143 0.46754325075297987 
0.1504808355354721 0.11983118419400199 0.13381083638299052 0.3334291565704241 0.4494260112165459 
0.30205770180691044 0.2163469947034964 0.13896161191843748 0.16828306078092775 0.1998320170573307 
0.4437975785249436 0.08587739847807477 0.19198519239104606 0.16687407967312556 0.1173082757564948 
0.26990840276257033 0.06143833907202205 0.14259410768509664 0.005340097010675837 0.544223988454916 
0.04739830329754546 -0.0028666683098711454 0.1272218162050214 0.2991783175054531 0.5020923425986762 
0.1904544346058003 0.2542082253254461 0.09511191256497575 0.08788338514818875 0.32490679261792355 
0.13329940361346818 0.12812078721686507 0.08950143436474292 0.09198056196217266 0.4494275797732837 
0.03312053872560121 0.2048434635499325 0.27900284853351 0.24571994431787136 0.18419683805375528 
0.2540695538055844 0.1728181513442408 0.1568971581242561 0.16414789484545844 0.04769959629012707 
0.4250344097461683 0.1274689702187964 0.14328838416514672 0.08664150067655257 0.06470497728871841 
0.07173984976858719 0.15699856624043745 0.21805838837976965 0.04685600800767087 0.5367391969414887 
0.1521662427152898 0.1907087523919421 0.171557680437615 0.2895420955614693 0.3345833570996535 
0.129370241036744 0.16077682092818862 0.19204835701850223 0.11752305193257147 0.480184174256458 
0.18903757058005335 0.22413894820840208 0.1961370552338884 0.34223455733293795 0.25395575142001064 
0.22023057719856057 0.1279774079471949 0.1454018158832962 0.34400162863356903 0.16960081160803714 
0.23686048213156605 0.07300818161836578 -0.024115047003307563 0.09745752204674736 0.4254554296373429 
0.2849980444624035 0.3327450451208565 0.19157810255178104 0.15639314520286393 0.28587331481769573 
0.22436793918056466 0.21844558933105684 0.21735601807300792 0.026330293109632683 0.18694149933253162 
0.2831600193198198 0.17252267572717067 0.20352113949894451 0.19239860675145676 0.07900540171214374 
0.29590606895103416 0.2820896406876895 0.17118747351850755 0.14540378127222314 0.15653734405251793 
33 24 5
0.2580418860099093 0.10277116264832828 0.17983380770034768 0.34507163167740335 0.2182038411562553 
0.22578674052629155 0.0325712806509066 0.11538512656390484 0.09219242485010831 0.4856215800798137 
0.2567502687498947 0.15889121145945853 0.1673738169720888 0.32112203067253814 0.3486780639681954 
0.22358070047027517 0.22077778455919084 0.05861378016774754 0.030467657534185427 0.4323752618576507 
0.15729210661881787 0.18747805917517824 0.0480898106495921 0.07935304743987286 0.43845391135948475 
0.1516314749020277 0.202688676064887 0.17343622590146346 0.34718104719192927 0.3210514032114494 
0.42817983328209197 0.17463923903689155 -0.010549539424292445 0.12721524615166419 0.2869385715025864 
0.19082832064394123 -0.029155205478886906 -0.027701375323318206 0.3079253361489453 0.4695441876407549 
0.16655243439639508 0.21670394767514872 0.23788433361417344 0.0797915085229111 0.09032015270666618 
0.13796755063715263 -0.033709650072219585 0.22030028972488816 0.23602183046167408 0.46131994651885766 
0.19350788525618878 0.03861583885504877 0.189920514901143 0.2506505418789556 0.16416577333777368 
0.18697558136392348 0.1673653994834399 0.3433544686231593 0.18403953414970065 0.22628251238557504 
0.214579097361349 0.0010159819625284103 0.1287727695123338 0.33108670264024237 0.5218549237734448 
0.192609275457935 0.06155791919454549 0.04633778116261511 0.18139774192802657 0.1528742109968456 
0.19193585204556088 0.20077287597861615 0.053706116375474136 0.15325096779962188 0.25416273001930983 
0.19215609179330345 0.1433075330333208 0.061234233400468865 0.22363176990814854 0.4261871846490335 
0.5028225124439817 0.14623410323835373 0.03612640470268169 0.05124855901869287 0.28374750588349196 
0.2785073478675396 0.07722060515714353 -0.027238615221315973 0.08301053750197851 0.537449433958119 
0.10543108883289727 0.09127315233257616 0.1962676248617362 0.1840140302960214 0.4377651673032571 
0.5750004938998183 0.33207200352114197 0.05925349459187974 0.022597133856601066 0.08790277347836231 
0.2654623728735746 0.23445027303057425 0.13984509975025933 0.04846341470642698 0.29018030537379125 
0.433035758777722 0.08970928228327846 0.20470750175087132 0.11564113216978829 0.0704696739244651 
0.1837717776998013 0.3025858623784353 0.19794657903050628 0.065479688095293 0.29854691753435886 
0.4352072311307893 0.34364163627459876 0.13953745026068992 0.01661042038677809 0.08950180795275402 
34 12 5
0.2580418860099093 0.10277116264832828 0.17983380770034768 0.34507163167740335 0.2182038411562553 
0.22578674052629155 0.0325712806509066 0.11538512656390484 0.09219242485010831 0.4856215800798137 
0.2567502687498947 0.15889121145945853 0.1673738169720888 0.32112203067253814 0.3486780639681954 
0.22358070047027517 0.22077778455919084 0.05861378016774754 0.030467657534185427 0.4323752618576507 
0.15729210661881787 0.18747805917517824 0.0480898106495921 0.07935304743987286 0.43845391135948475 
0.1516314749020277 0.202688676064887 0.17343622590146346 0.34718104719192927 0.3210514032114494 
0.42817983328209197 0.17463923903689155 -0.010549539424292445 0.12721524615166419 0.2869385715025864 
0.19082832064394123 -0.029155205478886906 -0.027701375323318206 0.3079253361489453 0.4695441876407549 
0.16655243439639508 0.21670394767514872 0.23788433361417344 0.0797915085229111 0.09032015270666618 
0.13796755063715263 -0.033709650072219585 0.22030028972488816 0.23602183046167408 0.46131994651885766 
0.19350788525618878 0.03861583885504877 0.189920514901143 0.2506505418789556 0.16416577333777368 
0.18697558136392348 0.1673653994834399 0.3433544686231593 0.18403953414970065 0.22628251238557504 
35 6 5
0.2580418860099093 0.10277116264832828 0.17983380770034768 0.34507163167740335 0.2182038411562553 
0.22578674052629155 0.0325712806509066 0.11538512656390484 0.09219242485010831 0.4856215800798137 
0.2567502687498947 0.15889121145945853 0.1673738169720888 0.32112203067253814 0.3486780639681954 
0.22358070047027517 0.22077778455919084 0.05861378016774754 0.030467657534185427 0.4323752618576507 
0.15729210661881787 0.18747805917517824 0.0480898106495921 0.07935304743987286 0.43845391135948475 
0.1516314749020277 0.202688676064887 0.17343622590146346 0.34718104719192927 0.3210514032114494 
36 3 5
0.2580418860099093 0.10277116264832828 0.17983380770034768 0.34507163167740335 0.2182038411562553 
0.22578674052629155 0.0325712806509066 0.11538512656390484 0.09219242485010831 0.4856215800798137 
0.2567502687498947 0.15889121145945853 0.1673738169720888 0.32112203067253814 0.3486780639681954 
37 2 5
0.15729210661881787 0.18747805917517824 0.0480898106495921 0.07935304743987286 0.43845391135948475 
0.1516314749020277 0.202688676064887 0.17343622590146346 0.34718104719192927 0.3210514032114494 
38 5 5
0.19082832064394123 -0.029155205478886906 -0.027701375323318206 0.3079253361489453 0.4695441876407549 
0.16655243439639508 0.21670394767514872 0.23788433361417344 0.0797915085229111 0.09032015270666618 
0.13796755063715263 -0.033709650072219585 0.22030028972488816 0.23602183046167408 0.46131994651885766 
0.19350788525618878 0.03861583885504877 0.189920514901143 0.2506505418789556 0.16416577333777368 
0.18697558136392348 0.1673653994834399 0.3433544686231593 0.18403953414970065 0.22628251238557504 
39 2 5
0.19082832064394123 -0.029155205478886906 -0.027701375323318206 0.3079253361489453 0.4695441876407549 
0.16655243439639508 0.21670394767514872 0.23788433361417344 0.0797915085229111 0.09032015270666618 
40 2 5
0.19350788525618878 0.03861583885504877 0.189920514901143 0.2506505418789556 0.16416577333777368 
0.18697558136392348 0.1673653994834399 0.3433544686231593 0.18403953414970065 0.22628251238557504 
41 11 5
0.192609275457935 0.06155791919454549 0.04633778116261511 0.18139774192802657 0.1528742109968456 
0.19193585204556088 0.20077287597861615 0.053706116375474136 0.15325096779962188 0.25416273001930983 
0.19215609179330345 0.1433075330333208 0.061234233400468865 0.22363176990814854 0.4261871846490335 
0.5028225124439817 0.14623410323835373 0.03612640470268169 0.05124855901869287 0.28374750588349196 
0.2785073478675396 0.07722060515714353 -0.027238615221315973 0.08301053750197851 0.537449433958119 
0.10543108883289727 0.09127315233257616 0.1962676248617362 0.1840140302960214 0.4377651673032571 
0.5750004938998183 0.33207200352114197 0.05925349459187974 0.022597133856601066 0.08790277347836231 
0.2654623728735746 0.23445027303057425 0.13984509975025933 0.04846341470642698 0.29018030537379125 
0.433035758777722 0.08970928228327846 0.20470750175087132 0.11564113216978829 0.0704696739244651 
0.1837717776998013 0.3025858623784353 0.19794657903050628 0.065479688095293 0.29854691753435886 
0.4352072311307893 0.34364163627459876 0.13953745026068992 0.01661042038677809 0.08950180795275402 
42 5 5
0.192609275457935 0.06155791919454549 0.04633778116261511 0.18139774192802657 0.1528742109968456 
0.19193585204556088 0.20077287597861615 0.053706116375474136 0.15325096779962188 0.25416273001930983 
0.19215609179330345 0.1433075330333208 0.061234233400468865 0.22363176990814854 0.4261871846490335 
0.5028225124439817 0.14623410323835373 0.03612640470268169 0.05124855901869287 0.28374750588349196 
0.2785073478675396 0.07722060515714353 -0.027238615221315973 0.08301053750197851 0.537449433958119 
43 2 5
0.192609275457935 0.06155791919454549 0.04633778116261511 0.18139774192802657 0.1528742109968456 
0.19193585204556088 0.20077287597861615 0.053706116375474136 0.15325096779962188 0.25416273001930983 
44 2 5
0.5028225124439817 0.14623410323835373 0.03612640470268169 0.05124855901869287 0.28374750588349196 
0.2785073478675396 0.07722060515714353 -0.027238615221315973 0.08301053750197851 0.537449433958119 
45 5 5
0.5750004938998183 0.33207200352114197 0.05925349459187974 0.022597133856601066 0.08790277347836231 
0.2654623728735746 0.23445027303057425 0.13984509975025933 0.04846341470642698 0.29018030537379125 
0.433035758777722 0.08970928228327846 0.20470750175087132 0.11564113216978829 0.0704696739244651 
0.1837717776998013 0.3025858623784353 0.19794657903050628 0.065479688095293 0.29854691753435886 
0.4352072311307893 0.34364163627459876 0.13953745026068992 0.01661042038677809 0.08950180795275402 
46 2 5
0.5750004938998183 0.33207200352114197 0.05925349459187974 0.022597133856601066 0.08790277347836231 
0.2654623728735746 0.23445027303057425 0.13984509975025933 0.04846341470642698 0.29018030537379125 
47 2 5
0.1837717776998013 0.3025858623784353 0.19794657903050628 0.065479688095293 0.29854691753435886 
0.4352072311307893 0.34364163627459876 0.13953745026068992 0.01661042038677809 0.08950180795275402 
48 24 5
0.4577127231907766 0.3069155223705504 0.14901971057023158 -0.0029373946855096728 0.14672930824213506 
0.560748743154225 -0.007620816035106934 -0.03726722495226016 0.15801524922155957 0.2420859269093584 
0.5349097883307532 0.13320268440260707 0.1865598724238504 0.19989795390463977 0.13282491620074796 
0.03658965595846872 0.16053288629386686 0.11474579664497372 0.30765856929309143 0.46754325075297987 
0.1504808355354721 0.11983118419400199 0.13381083638299052 0.3334291565704241 0.4494260112165459 
0.30205770180691044 0.2163469947034964 0.13896161191843748 0.16828306078092775 0.1998320170573307 
0.4437975785249436 0.08587739847807477 0.19198519239104606 0.16687407967312556 0.1173082757564948 
0.26990840276257033 0.06143833907202205 0.14259410768509664 0.005340097010675837 0.544223988454916 
0.04739830329754546 -0.0028666683098711454 0.1272218162050214 0.2991783175054531 0.5020923425986762 
0.1904544346058003 0.2542082253254461 0.09511191256497575 0.08788338514818875 0.32490679261792355 
0.13329940361346818 0.12812078721686507 0.08950143436474292 0.09198056196217266 0.4494275797732837 
0.03312053872560121 0.2048434635499325 0.27900284853351 0.24571994431787136 0.18419683805375528 
0.2540695538055844 0.1728181513442408 0.1568971581242561 0.16414789484545844 0.04769959629012707 
0.4250344097461683 0.1274689702187964 0.14328838416514672 0.08664150067655257 0.06470497728871841 
0.07173984976858719 0.15699856624043745 0.21805838837976965 0.04685600800767087 0.5367391969414887 
0.1521662427152898 0.1907087523919421 0.171557680437615 0.2895420955614693 0.3345833570996535 
0.129370241036744 0.16077682092818862 0.19204835701850223 0.11752305193257147 0.480184174256458 
0.18903757058005335 0.22413894820840208 0.1961370552338884 0.34223455733293795 0.25395575142001064 
0.22023057719856057 0.1279774079471949 0.1454018158832962 0.34400162863356903 0.16960081160803714 
0.23686048213156605 0.07300818161836578 -0.024115047003307563 0.09745752204674736 0.4254554296373429 
0.2849980444624035 0.3327450451208565 0.19157810255178104 0.15639314520286393 0.28587331481769573 
0.22436793918056466 0.21844558933105684 0.21735601807300792 0.026330293109632683 0.18694149933253162 
0.2831600193198198 0.17252267572717067 0.20352113949894451 0.19239860675145676 0.07900540171214374 
0.29590606895103416 0.2820896406876895 0.17118747351850755 0.14540378127222314 0.15653734405251793 
49 12 5
0.4577127231907766 0.3069155223705504 0.14901971057023158 -0.0029373946855096728 0.14672930824213506 
0.560748743154225 -0.007620816035106934 -0.03726722495226016 0.15801524922155957 0.2420859269093584 
0.5349097883307532 0.13320268440260707 0.1865598724238504 0.19989795390463977 0.13282491620074796 
0.03658965595846872 0.16053288629386686 0.11474579664497372 0.30765856929309143 0.46754325075297987 
0.1504808355354721 0.11983118419400199 0.13381083638299052 0.3334291565704241 0.4494260112165459 
0.30205770180691044 0.2163469947034964 0.13896161191843748 0.16828306078092775 0.1998320170573307 
0.4437975785249436 0.08587739847807477 0.19198519239104606 0.16687407967312556 0.1173082757564948 
0.26990840276257033 0.06143833907202205 0.14259410768509664 0.005340097010675837 0.544223988454916 
0.04739830329754546 -0.0028666683098711454 0.1272218162050214 0.2991783175054531 0.5020923425986762 
0.1904544346058003 0.2542082253254461 0.09511191256497575 0.08788338514818875 0.32490679261792355 
0.13329940361346818 0.12812078721686507 0.08950143436474292 0.09198056196217266 0.4494275797732837 
0.03312053872560121 0.2048434635499325 0.27900284853351 0.24571994431787136 0.18419683805375528 
50 6 5
0.4577127231907766 0.3069155223705504 0.14901971057023158 -0.0029373946855096728 0.14672930824213506 
0.560748743154225 -0.007620816035106934 -0.03726722495226016 0.15801524922155957 0.2420859269093584 
0.5349097883307532 0.13320268440260707 0.1865598724238504 0.19989795390463977 0.13282491620074796 
0.03658965595846872 0.16053288629386686 0.11474579664497372 0.30765856929309143 0.46754325075297987 
0.1504808355354721 0.11983118419400199 0.13381083638299052 0.3334291565704241 0.4494260112165459 
0.30205770180691044 0.2163469947034964 0.13896161191843748 0.16828306078092775 0.1998320170573307 
51 3 5
0.4577127231907766 0.3069155223705504 0.14901971057023158 -0.0029373946855096728 0.14672930824213506 
0.560748743154225 -0.007620816035106934 -0.03726722495226016 0.15801524922155957 0.2420859269093584 
0.5349097883307532 0.13320268440260707 0.1865598724238504 0.19989795390463977 0.13282491620074796 
52 2 5
0.1504808355354721 0.11983118419400199 0.13381083638299052 0.3334291565704241 0.4494260112165459 
0.30205770180691044 0.2163469947034964 0.13896161191843748 0.16828306078092775 0.1998320170573307 
53 5 5
0.26990840276257033 0.06143833907202205 0.14259410768509664 0.005340097010675837 0.544223988454916 
0.04739830329754546 -0.0028666683098711454 0.1272218162050214 0.2991783175054531 0.5020923425986762 
0.1904544346058003 0.2542082253254461 0.09511191256497575 0.08788338514818875 0.32490679261792355 
0.13329940361346818 0.12812078721686507 0.08950143436474292 0.09198056196217266 0.4494275797732837 
0.03312053872560121 0.2048434635499325 0.27900284853351 0.24571994431787136 0.18419683805375528 
54 2 5
0.26990840276257033 0.06143833907202205 0.14259410768509664 0.005340097010675837 0.544223988454916 
0.04739830329754546 -0.0028666683098711454 0.1272218162050214 0.2991783175054531 0.5020923425986762 
55 2 5
0.13329940361346818 0.12812078721686507 0.08950143436474292 0.09198056196217266 0.4494275797732837 
0.03312053872560121 0.2048434635499325 0.27900284853351 0.24571994431787136 0.18419683805375528 
56 11 5
0.4250344097461683 0.1274689702187964 0.14328838416514672 0.08664150067655257 0.06470497728871841 
0.07173984976858719 0.15699856624043745 0.21805838837976965 0.04685600800767087 0.5367391969414887 
0.1521662427152898 0.1907087523919421 0.171557680437615 0.2895420955614693 0.3345833570996535 
0.129370241036744 0.16077682092818862 0.19204835701850223 0.11752305193257147 0.480184174256458 
0.18903757058005335 0.22413894820840208 0.1961370552338884 0.34223455733293795 0.25395575142001064 
0.22023057719856057 0.1279774079471949 0.1454018158832962 0.34400162863356903 0.16960081160803714 
0.23686048213156605 0.07300818161836578 -0.024115047003307563 0.09745752204674736 0.4254554296373429 
0.2849980444624035 0.3327450451208565 0.19157810255178104 0.15639314520286393 0.28587331481769573 
0.22436793918056466 0.21844558933105684 0.21735601807300792 0.026330293109632683 0.18694149933253162 
0.2831600193198198 0.17252267572717067 0.20352113949894451 0.19239860675145676 0.07900540171214374 
0.29590606895103416 0.2820896406876895 0.17118747351850755 0.14540378127222314 0.15653734405251793 
57 5 5
0.4250344097461683 0.1274689702187964 0.14328838416514672 0.08664150067655257 0.06470497728871841 
0.07173984976858719 0.15699856624043745 0.21805838837976965 0.04685600800767087 0.5367391969414887 
0.1521662427152898 0.1907087523919421 0.171557680437615 0.2895420955614693 0.3345833570996535 
0.129370241036744 0.16077682092818862 0.19204835701850223 0.11752305193257147 0.480184174256458 
0.18903757058005335 0.22413894820840208 0.1961370552338884 0.34223455733293795 0.25395575142001064 
58 2 5
0.4250344097461683 0.1274689702187964 0.14328838416514672 0.08664150067655257 0.06470497728871841 
0.07173984976858719 0.15699856624043745 0.21805838837976965 0.04685600800767087 0.5367391969414887 
59 2 5
0.129370241036744 0.16077682092818862 0.19204835701850223 0.11752305193257147 0.480184174256458 
0.18903757058005335 0.22413894820840208 0.1961370552338884 0.34223455733293795 0.25395575142001064 
60 5 5
0.23686048213156605 0.07300818161836578 -0.024115047003307563 0.09745752204674736 0.4254554296373429 
0.2849980444624035 0.3327450451208565 0.19157810255178104 0.15639314520286393 0.28587331481769573 
0.22436793918056466 0.21844558933105684 0.21735601807300792 0.026330293109632683 0.18694149933253162 
0.2831600193198198 0.17252267572717067 0.20352113949894451 0.19239860675145676 0.07900540171214374 
0.29590606895103416 0.2820896406876895 0.17118747351850755 0.14540378127222314 0.15653734405251793 
61 2 5
0.23686048213156605 0.07300818161836578 -0.024115047003307563 0.09745752204674736 0.4254554296373429 
0.2849980444624035 0.3327450451208565 0.19157810255178104 0.15639314520286393 0.28587331481769573 
62 2 5
0.2831600193198198 0.17252267572717067 0.20352113949894451 0.19239860675145676 0.07900540171214374 
0.29590606895103416 0.2820896406876895 0.17118747351850755 0.14540378127222314 0.15653734405251793 
