0 100 5 163421000 1024 2
1 50 5 152170000 4096 2
2 25 5 145374000 16384 2
3 12 5 109121000 32768 2
4 6 5 178602000 131072 1
5 3 5 151203000 262144 1
6 2 5 104013000 262144 1
7 5 5 159861000 131072 2
8 2 5 100173000 262144 1
9 2 5 100688000 262144 1
10 12 5 198490000 65536 1
11 6 5 161350000 131072 1
12 3 5 152159000 262144 1
13 2 5 103338000 262144 1
14 5 5 150532000 131072 1
15 2 5 107026000 262144 1
16 2 5 118506000 262144 1
17 24 5 189194000 16384 2
18 12 5 126775000 32768 2
19 6 5 189468000 131072 1
20 3 5 185211000 262144 1
21 2 5 109186000 262144 1
22 5 5 150847000 131072 1
23 2 5 101068000 262144 1
24 2 5 100429000 262144 1
25 11 5 197856000 65536 1
26 5 5 148336000 131072 1
27 2 5 100446000 262144 1
28 2 5 101652000 262144 1
29 5 5 148332000 131072 1
30 2 5 101831000 262144 1
31 2 5 101333000 262144 1
32 49 5 140136000 4096 2
33 24 5 181550000 16384 2
34 12 5 114034000 32768 1
35 6 5 176469000 131072 1
36 3 5 181723000 262144 1
37 2 5 103210000 262144 1
38 5 5 151735000 131072 1
39 2 5 103027000 262144 1
40 2 5 203080000 524288 1
41 11 5 187570000 65536 1
42 5 5 140739000 131072 1
43 2 5 103981000 262144 1
44 2 5 100908000 262144 1
45 5 5 138846000 131072 1
46 2 5 100256000 262144 1
47 2 5 103135000 262144 1
48 24 5 179558000 16384 2
49 12 5 113289000 32768 1
50 6 5 181524000 131072 1
51 3 5 171648000 262144 1
52 2 5 104346000 262144 1
53 5 5 206822000 131072 1
54 2 5 111142000 262144 1
55 2 5 107662000 262144 1
56 11 5 117450000 32768 1
57 5 5 153053000 131072 1
58 2 5 107827000 262144 1
59 2 5 100436000 262144 1
60 5 5 166315000 131072 1
61 2 5 107558000 262144 1
62 2 5 110461000 262144 1
