0 100 5 120588000 256 2
1 50 5 125828000 1024 2
2 25 5 130605000 4096 2
3 12 5 125560000 32768 2
4 6 5 149533000 131072 1
5 3 5 147556000 524288 1
6 2 5 196733000 4194304 1
7 5 5 186794000 262144 2
8 2 5 197534000 4194304 1
9 2 5 196250000 4194304 1
10 12 5 137241000 32768 1
11 6 5 141310000 131072 1
12 3 5 141859000 524288 1
13 2 5 100831000 2097152 1
14 5 5 106259000 131072 1
15 2 5 101098000 2097152 1
16 2 5 107213000 2097152 1
17 24 5 127443000 8192 2
18 12 5 132131000 32768 2
19 6 5 135099000 131072 1
20 3 5 139442000 524288 1
21 2 5 192411000 4194304 1
22 5 5 102653000 131072 1
23 2 5 103314000 2097152 1
24 2 5 104757000 2097152 1
25 11 5 126094000 32768 1
26 5 5 196537000 262144 1
27 2 5 101243000 2097152 1
28 2 5 120479000 2097152 1
29 5 5 182919000 262144 1
30 2 5 195740000 4194304 1
31 2 5 205981000 4194304 1
32 49 5 167228000 2048 2
33 24 5 150051000 8192 2
34 12 5 109484000 32768 1
35 6 5 134322000 131072 1
36 3 5 148122000 524288 1
37 2 5 197140000 4194304 1
38 5 5 184125000 262144 1
39 2 5 196108000 4194304 1
40 2 5 190401000 4194304 1
41 11 5 112534000 32768 1
42 5 5 195062000 262144 1
43 2 5 201054000 4194304 1
44 2 5 198786000 4194304 1
45 5 5 186013000 262144 1
46 2 5 194069000 4194304 1
47 2 5 199643000 4194304 1
48 24 5 135842000 8192 2
49 12 5 138416000 32768 1
50 6 5 129877000 131072 1
51 3 5 143981000 524288 1
52 2 5 100036000 2097152 1
53 5 5 192297000 262144 1
54 2 5 203804000 4194304 1
55 2 5 195578000 4194304 1
56 11 5 123891000 32768 1
57 5 5 184023000 262144 1
58 2 5 100763000 2097152 1
59 2 5 106594000 2097152 1
60 5 5 191794000 262144 1
61 2 5 116331000 2097152 1
62 2 5 195155000 4194304 1
