0 100 5 122151000 256 4
1 50 5 135209000 1024 3
2 25 5 118817000 4096 2
3 12 5 156867000 32768 2
4 6 5 140723000 131072 1
5 3 5 146321000 524288 1
6 2 5 190779000 4194304 1
7 5 5 101922000 131072 2
8 2 5 190291000 4194304 1
9 2 5 100114000 2097152 1
10 12 5 135987000 32768 2
11 6 5 134684000 131072 1
12 3 5 134410000 524288 1
13 2 5 193940000 4194304 1
14 5 5 195428000 262144 1
15 2 5 251325000 4194304 1
16 2 5 103950000 2097152 1
17 24 5 158464000 8192 2
18 12 5 142141000 32768 2
19 6 5 139296000 131072 1
20 3 5 141013000 524288 1
21 2 5 101533000 2097152 1
22 5 5 101867000 131072 2
23 2 5 102431000 2097152 1
24 2 5 198815000 4194304 1
25 11 5 155425000 32768 1
26 5 5 113023000 131072 1
27 2 5 191620000 4194304 1
28 2 5 190265000 4194304 1
29 5 5 102292000 131072 1
30 2 5 110462000 2097152 1
31 2 5 183861000 4194304 1
32 49 5 160591000 2048 3
33 24 5 124156000 8192 3
34 12 5 149868000 32768 2
35 6 5 152364000 131072 1
36 3 5 149611000 524288 1
37 2 5 105188000 2097152 1
38 5 5 103710000 131072 1
39 2 5 100765000 2097152 1
40 2 5 103383000 2097152 1
41 11 5 107856000 32768 2
42 5 5 106936000 131072 2
43 2 5 100062000 2097152 1
44 2 5 104660000 2097152 1
45 5 5 192992000 262144 1
46 2 5 208130000 4194304 1
47 2 5 190008000 4194304 1
48 24 5 124425000 8192 2
49 12 5 136534000 32768 2
50 6 5 141818000 131072 1
51 3 5 143584000 524288 1
52 2 5 197350000 4194304 1
53 5 5 174389000 262144 1
54 2 5 198569000 4194304 1
55 2 5 182828000 4194304 1
56 11 5 110891000 32768 2
57 5 5 201096000 262144 2
58 2 5 100993000 2097152 1
59 2 5 102040000 2097152 1
60 5 5 100761000 131072 2
61 2 5 103346000 2097152 2
62 2 5 195002000 4194304 1
